662 1587015690 0.600000 -1.000000 -101.000000 0.000000 0.000000
662 1587015691 0.600000 -1.000000 -101.000000 0.000000 0.000000
662 1587015692 0.600000 -1.000000 -101.000000 0.000000 0.000000
662 1587015693 0.600000 -1.000000 -101.000000 0.000000 0.000000
662 1587015694 0.600000 -1.000000 -101.000000 0.000000 0.000000
662 1587015730 0.200000 -1.000000 -101.000000 0.000000 0.000000
662 1587015731 0.200000 -1.000000 -101.000000 0.000000 0.000000
662 1587015732 0.200000 -1.000000 -101.000000 0.000000 0.000000
662 1587015733 0.200000 -1.000000 -101.000000 0.000000 0.000000
662 1587015734 0.200000 -1.000000 -101.000000 0.000000 0.000000
662 1587015820 0.200000 -1.000000 -101.000000 0.000000 0.000000
662 1587015821 0.200000 -1.000000 -101.000000 0.000000 0.000000
662 1587015822 0.200000 -1.000000 -101.000000 0.000000 0.000000
662 1587015823 0.200000 -1.000000 -101.000000 0.000000 0.000000
662 1587015824 0.200000 -1.000000 -101.000000 0.000000 0.000000
662 1587015840 0.600000 -1.000000 -101.000000 0.000000 0.000000
662 1587015841 0.600000 -1.000000 -101.000000 0.000000 0.000000
662 1587015842 0.600000 -1.000000 -101.000000 0.000000 0.000000
662 1587015843 0.600000 -1.000000 -101.000000 0.000000 0.000000
662 1587015844 0.600000 -1.000000 -101.000000 0.000000 0.000000
662 1587015860 0.600000 -1.000000 -101.000000 0.000000 0.000000
662 1587015861 0.600000 -1.000000 -101.000000 0.000000 0.000000
662 1587015862 0.600000 -1.000000 -101.000000 0.000000 0.000000
662 1587015863 0.600000 -1.000000 -101.000000 0.000000 0.000000
662 1587015864 0.600000 -1.000000 -101.000000 0.000000 0.000000
662 1587015920 0.400000 -1.000000 -101.000000 0.000000 0.000000
662 1587015921 0.400000 -1.000000 -101.000000 0.000000 0.000000
662 1587015922 0.400000 -1.000000 -101.000000 0.000000 0.000000
662 1587015923 0.400000 -1.000000 -101.000000 0.000000 0.000000
662 1587015924 0.400000 -1.000000 -101.000000 0.000000 0.000000
662 1587015930 0.200000 -1.000000 -101.000000 0.000000 0.000000
662 1587015931 0.200000 -1.000000 -101.000000 0.000000 0.000000
662 1587015932 0.200000 -1.000000 -101.000000 0.000000 0.000000
662 1587015933 0.200000 -1.000000 -101.000000 0.000000 0.000000
662 1587015934 0.200000 -1.000000 -101.000000 0.000000 0.000000
662 1587015950 0.200000 -1.000000 -101.000000 0.000000 0.000000
662 1587015951 0.200000 -1.000000 -101.000000 0.000000 0.000000
662 1587015952 0.200000 -1.000000 -101.000000 0.000000 0.000000
662 1587015953 0.200000 -1.000000 -101.000000 0.000000 0.000000
662 1587015954 0.200000 -1.000000 -101.000000 0.000000 0.000000
662 1587015960 0.200000 -1.000000 -101.000000 0.000000 0.000000
662 1587015961 0.200000 -1.000000 -101.000000 0.000000 0.000000
662 1587015962 0.200000 -1.000000 -101.000000 0.000000 0.000000
662 1587015963 0.200000 -1.000000 -101.000000 0.000000 0.000000
662 1587015964 0.200000 -1.000000 -101.000000 0.000000 0.000000
662 1587015970 0.800000 -1.000000 -101.000000 0.000000 0.000000
662 1587015971 0.800000 -1.000000 -101.000000 0.000000 0.000000
662 1587015972 0.800000 -1.000000 -101.000000 0.000000 0.000000
662 1587015973 0.800000 -1.000000 -101.000000 0.000000 0.000000
662 1587015974 0.800000 -1.000000 -101.000000 0.000000 0.000000
662 1587015980 0.200000 -1.000000 -101.000000 0.000000 0.000000
662 1587015981 0.200000 -1.000000 -101.000000 0.000000 0.000000
662 1587015982 0.200000 -1.000000 -101.000000 0.000000 0.000000
662 1587015983 0.200000 -1.000000 -101.000000 0.000000 0.000000
662 1587015984 0.200000 -1.000000 -101.000000 0.000000 0.000000
662 1587015990 0.600000 -1.000000 -101.000000 0.000000 0.000000
662 1587015991 0.600000 -1.000000 -101.000000 0.000000 0.000000
662 1587015992 0.600000 -1.000000 -101.000000 0.000000 0.000000
662 1587015993 0.600000 -1.000000 -101.000000 0.000000 0.000000
662 1587015994 0.600000 -1.000000 -101.000000 0.000000 0.000000
662 1587016000 0.200000 -1.000000 -101.000000 0.000000 0.000000
662 1587016001 0.200000 -1.000000 -101.000000 0.000000 0.000000
662 1587016002 0.200000 -1.000000 -101.000000 0.000000 0.000000
662 1587016003 0.200000 -1.000000 -101.000000 0.000000 0.000000
662 1587016004 0.200000 -1.000000 -101.000000 0.000000 0.000000
662 1587016010 1.400000 -1.000000 -101.000000 0.000000 0.000000
662 1587016011 1.400000 -1.000000 -101.000000 0.000000 0.000000
662 1587016012 1.400000 -1.000000 -101.000000 0.000000 0.000000
662 1587016013 1.400000 -1.000000 -101.000000 0.000000 0.000000
662 1587016014 1.400000 -1.000000 -101.000000 0.000000 0.000000
662 1587016020 0.400000 -1.000000 -101.000000 0.000000 0.000000
662 1587016021 0.400000 -1.000000 -101.000000 0.000000 0.000000
662 1587016022 0.400000 -1.000000 -101.000000 0.000000 0.000000
662 1587016023 0.400000 -1.000000 -101.000000 0.000000 0.000000
662 1587016024 0.400000 -1.000000 -101.000000 0.000000 0.000000
662 1587016030 0.800000 -1.000000 -101.000000 0.000000 0.000000
662 1587016031 0.800000 -1.000000 -101.000000 0.000000 0.000000
662 1587016032 0.800000 -1.000000 -101.000000 0.000000 0.000000
662 1587016033 0.800000 -1.000000 -101.000000 0.000000 0.000000
662 1587016034 0.800000 -1.000000 -101.000000 0.000000 0.000000
662 1587016040 0.200000 -1.000000 -101.000000 0.000000 0.000000
662 1587016041 0.200000 -1.000000 -101.000000 0.000000 0.000000
662 1587016042 0.200000 -1.000000 -101.000000 0.000000 0.000000
662 1587016043 0.200000 -1.000000 -101.000000 0.000000 0.000000
662 1587016044 0.200000 -1.000000 -101.000000 0.000000 0.000000
662 1587016050 0.400000 -1.000000 -101.000000 0.000000 0.000000
662 1587016051 0.400000 -1.000000 -101.000000 0.000000 0.000000
662 1587016052 0.400000 -1.000000 -101.000000 0.000000 0.000000
662 1587016053 0.400000 -1.000000 -101.000000 0.000000 0.000000
662 1587016054 0.400000 -1.000000 -101.000000 0.000000 0.000000
662 1587016070 0.200000 -1.000000 -101.000000 0.000000 0.000000
662 1587016071 0.200000 -1.000000 -101.000000 0.000000 0.000000
662 1587016072 0.200000 -1.000000 -101.000000 0.000000 0.000000
662 1587016073 0.200000 -1.000000 -101.000000 0.000000 0.000000
662 1587016074 0.200000 -1.000000 -101.000000 0.000000 0.000000
662 1587016080 0.400000 -1.000000 -101.000000 0.000000 0.000000
662 1587016081 0.400000 -1.000000 -101.000000 0.000000 0.000000
662 1587016082 0.400000 -1.000000 -101.000000 0.000000 0.000000
662 1587016083 0.400000 -1.000000 -101.000000 0.000000 0.000000
662 1587016084 0.400000 -1.000000 -101.000000 0.000000 0.000000
662 1587016110 0.800000 -1.000000 -101.000000 0.000000 0.000000
662 1587016111 0.800000 -1.000000 -101.000000 0.000000 0.000000
662 1587016112 0.800000 -1.000000 -101.000000 0.000000 0.000000
662 1587016113 0.800000 -1.000000 -101.000000 0.000000 0.000000
662 1587016114 0.800000 -1.000000 -101.000000 0.000000 0.000000
662 1587016120 0.400000 -1.000000 -101.000000 0.000000 0.000000
662 1587016121 0.400000 -1.000000 -101.000000 0.000000 0.000000
662 1587016122 0.400000 -1.000000 -101.000000 0.000000 0.000000
662 1587016123 0.400000 -1.000000 -101.000000 0.000000 0.000000
662 1587016124 0.400000 -1.000000 -101.000000 0.000000 0.000000
662 1587016130 0.600000 -1.000000 -101.000000 0.000000 0.000000
662 1587016131 0.600000 -1.000000 -101.000000 0.000000 0.000000
662 1587016132 0.600000 -1.000000 -101.000000 0.000000 0.000000
662 1587016133 0.600000 -1.000000 -101.000000 0.000000 0.000000
662 1587016134 0.600000 -1.000000 -101.000000 0.000000 0.000000
662 1587016140 1.200000 -1.000000 -101.000000 0.000000 0.000000
662 1587016141 1.200000 -1.000000 -101.000000 0.000000 0.000000
662 1587016142 1.200000 -1.000000 -101.000000 0.000000 0.000000
662 1587016143 1.200000 -1.000000 -101.000000 0.000000 0.000000
662 1587016144 1.200000 -1.000000 -101.000000 0.000000 0.000000
662 1587016150 0.600000 -1.000000 -101.000000 0.000000 0.000000
662 1587016151 0.600000 -1.000000 -101.000000 0.000000 0.000000
662 1587016152 0.600000 -1.000000 -101.000000 0.000000 0.000000
662 1587016153 0.600000 -1.000000 -101.000000 0.000000 0.000000
662 1587016154 0.600000 -1.000000 -101.000000 0.000000 0.000000
662 1587016160 1.000000 -1.000000 -101.000000 0.000000 0.000000
662 1587016161 1.000000 -1.000000 -101.000000 0.000000 0.000000
662 1587016162 1.000000 -1.000000 -101.000000 0.000000 0.000000
662 1587016163 1.000000 -1.000000 -101.000000 0.000000 0.000000
662 1587016164 1.000000 -1.000000 -101.000000 0.000000 0.000000
662 1587016170 1.200000 -1.000000 -101.000000 0.000000 0.000000
662 1587016171 1.200000 -1.000000 -101.000000 0.000000 0.000000
662 1587016172 1.200000 -1.000000 -101.000000 0.000000 0.000000
662 1587016173 1.200000 -1.000000 -101.000000 0.000000 0.000000
662 1587016174 1.200000 -1.000000 -101.000000 0.000000 0.000000
662 1587016200 0.200000 -1.000000 -101.000000 0.000000 0.000000
662 1587016201 0.200000 -1.000000 -101.000000 0.000000 0.000000
662 1587016202 0.200000 -1.000000 -101.000000 0.000000 0.000000
662 1587016203 0.200000 -1.000000 -101.000000 0.000000 0.000000
662 1587016204 0.200000 -1.000000 -101.000000 0.000000 0.000000
662 1587016210 0.400000 -1.000000 -101.000000 0.000000 0.000000
662 1587016211 0.400000 -1.000000 -101.000000 0.000000 0.000000
662 1587016212 0.400000 -1.000000 -101.000000 0.000000 0.000000
662 1587016213 0.400000 -1.000000 -101.000000 0.000000 0.000000
662 1587016214 0.400000 -1.000000 -101.000000 0.000000 0.000000
662 1587016215 0.200000 -1.000000 -101.000000 0.000000 0.000000
662 1587016216 0.200000 -1.000000 -101.000000 0.000000 0.000000
662 1587016217 0.200000 -1.000000 -101.000000 0.000000 0.000000
662 1587016218 0.200000 -1.000000 -101.000000 0.000000 0.000000
662 1587016219 0.200000 -1.000000 -101.000000 0.000000 0.000000
662 1587016240 0.200000 -1.000000 -101.000000 0.000000 0.000000
662 1587016241 0.200000 -1.000000 -101.000000 0.000000 0.000000
662 1587016242 0.200000 -1.000000 -101.000000 0.000000 0.000000
662 1587016243 0.200000 -1.000000 -101.000000 0.000000 0.000000
662 1587016244 0.200000 -1.000000 -101.000000 0.000000 0.000000
662 1587016250 2.400000 -1.000000 -101.000000 0.000000 0.000000
662 1587016251 2.400000 -1.000000 -101.000000 0.000000 0.000000
662 1587016252 2.400000 -1.000000 -101.000000 0.000000 0.000000
662 1587016253 2.400000 -1.000000 -101.000000 0.000000 0.000000
662 1587016254 2.400000 -1.000000 -101.000000 0.000000 0.000000
662 1587016255 0.200000 -1.000000 -101.000000 0.000000 0.000000
662 1587016256 0.200000 -1.000000 -101.000000 0.000000 0.000000
662 1587016257 0.200000 -1.000000 -101.000000 0.000000 0.000000
662 1587016258 0.200000 -1.000000 -101.000000 0.000000 0.000000
662 1587016259 0.200000 -1.000000 -101.000000 0.000000 0.000000
662 1587016270 1.000000 -1.000000 -101.000000 0.000000 0.000000
662 1587016271 1.000000 -1.000000 -101.000000 0.000000 0.000000
662 1587016272 1.000000 -1.000000 -101.000000 0.000000 0.000000
662 1587016273 1.000000 -1.000000 -101.000000 0.000000 0.000000
662 1587016274 1.000000 -1.000000 -101.000000 0.000000 0.000000
662 1587016280 0.600000 -1.000000 -101.000000 0.000000 0.000000
662 1587016281 0.600000 -1.000000 -101.000000 0.000000 0.000000
662 1587016282 0.600000 -1.000000 -101.000000 0.000000 0.000000
662 1587016283 0.600000 -1.000000 -101.000000 0.000000 0.000000
662 1587016284 0.600000 -1.000000 -101.000000 0.000000 0.000000
662 1587016285 0.400000 -1.000000 -101.000000 0.000000 0.000000
662 1587016286 0.400000 -1.000000 -101.000000 0.000000 0.000000
662 1587016287 0.400000 -1.000000 -101.000000 0.000000 0.000000
662 1587016288 0.400000 -1.000000 -101.000000 0.000000 0.000000
662 1587016289 0.400000 -1.000000 -101.000000 0.000000 0.000000
662 1587016290 0.400000 -1.000000 -101.000000 0.000000 0.000000
662 1587016291 0.400000 -1.000000 -101.000000 0.000000 0.000000
662 1587016292 0.400000 -1.000000 -101.000000 0.000000 0.000000
662 1587016293 0.400000 -1.000000 -101.000000 0.000000 0.000000
662 1587016294 0.400000 -1.000000 -101.000000 0.000000 0.000000
662 1587016300 0.400000 -1.000000 -101.000000 0.000000 0.000000
662 1587016301 0.400000 -1.000000 -101.000000 0.000000 0.000000
662 1587016302 0.400000 -1.000000 -101.000000 0.000000 0.000000
662 1587016303 0.400000 -1.000000 -101.000000 0.000000 0.000000
662 1587016304 0.400000 -1.000000 -101.000000 0.000000 0.000000
662 1587016305 1.400000 -1.000000 -101.000000 0.000000 0.000000
662 1587016306 1.400000 -1.000000 -101.000000 0.000000 0.000000
662 1587016307 1.400000 -1.000000 -101.000000 0.000000 0.000000
662 1587016308 1.400000 -1.000000 -101.000000 0.000000 0.000000
662 1587016309 1.400000 -1.000000 -101.000000 0.000000 0.000000
662 1587016315 0.400000 -1.000000 -101.000000 0.000000 0.000000
662 1587016316 0.400000 -1.000000 -101.000000 0.000000 0.000000
662 1587016317 0.400000 -1.000000 -101.000000 0.000000 0.000000
662 1587016318 0.400000 -1.000000 -101.000000 0.000000 0.000000
662 1587016319 0.400000 -1.000000 -101.000000 0.000000 0.000000
662 1587016325 1.000000 -1.000000 -101.000000 0.000000 0.000000
662 1587016326 1.000000 -1.000000 -101.000000 0.000000 0.000000
662 1587016327 1.000000 -1.000000 -101.000000 0.000000 0.000000
662 1587016328 1.000000 -1.000000 -101.000000 0.000000 0.000000
662 1587016329 1.000000 -1.000000 -101.000000 0.000000 0.000000
662 1587016340 1.600000 -1.000000 -101.000000 0.000000 0.000000
662 1587016341 1.600000 -1.000000 -101.000000 0.000000 0.000000
662 1587016342 1.600000 -1.000000 -101.000000 0.000000 0.000000
662 1587016343 1.600000 -1.000000 -101.000000 0.000000 0.000000
662 1587016344 1.600000 -1.000000 -101.000000 0.000000 0.000000
662 1587016345 0.200000 -1.000000 -101.000000 0.000000 0.000000
662 1587016346 0.200000 -1.000000 -101.000000 0.000000 0.000000
662 1587016347 0.200000 -1.000000 -101.000000 0.000000 0.000000
662 1587016348 0.200000 -1.000000 -101.000000 0.000000 0.000000
662 1587016349 0.200000 -1.000000 -101.000000 0.000000 0.000000
662 1587016365 0.400000 -1.000000 -101.000000 0.000000 0.000000
662 1587016366 0.400000 -1.000000 -101.000000 0.000000 0.000000
662 1587016367 0.400000 -1.000000 -101.000000 0.000000 0.000000
662 1587016368 0.400000 -1.000000 -101.000000 0.000000 0.000000
662 1587016369 0.400000 -1.000000 -101.000000 0.000000 0.000000
662 1587016385 3.000000 -1.000000 -101.000000 0.000000 0.000000
662 1587016386 3.000000 -1.000000 -101.000000 0.000000 0.000000
662 1587016387 3.000000 -1.000000 -101.000000 0.000000 0.000000
662 1587016388 3.000000 -1.000000 -101.000000 0.000000 0.000000
662 1587016389 3.000000 -1.000000 -101.000000 0.000000 0.000000
662 1587016390 0.200000 -1.000000 -101.000000 0.000000 0.000000
662 1587016391 0.200000 -1.000000 -101.000000 0.000000 0.000000
662 1587016392 0.200000 -1.000000 -101.000000 0.000000 0.000000
662 1587016393 0.200000 -1.000000 -101.000000 0.000000 0.000000
662 1587016394 0.200000 -1.000000 -101.000000 0.000000 0.000000
662 1587016395 0.400000 -1.000000 -101.000000 0.000000 0.000000
662 1587016396 0.400000 -1.000000 -101.000000 0.000000 0.000000
662 1587016397 0.400000 -1.000000 -101.000000 0.000000 0.000000
662 1587016398 0.400000 -1.000000 -101.000000 0.000000 0.000000
662 1587016399 0.400000 -1.000000 -101.000000 0.000000 0.000000
662 1587016400 0.800000 -1.000000 -101.000000 0.000000 0.000000
662 1587016401 0.800000 -1.000000 -101.000000 0.000000 0.000000
662 1587016402 0.800000 -1.000000 -101.000000 0.000000 0.000000
662 1587016403 0.800000 -1.000000 -101.000000 0.000000 0.000000
662 1587016404 0.800000 -1.000000 -101.000000 0.000000 0.000000
662 1587016415 0.600000 -1.000000 -101.000000 0.000000 0.000000
662 1587016416 0.600000 -1.000000 -101.000000 0.000000 0.000000
662 1587016417 0.600000 -1.000000 -101.000000 0.000000 0.000000
662 1587016418 0.600000 -1.000000 -101.000000 0.000000 0.000000
662 1587016419 0.600000 -1.000000 -101.000000 0.000000 0.000000
662 1587016430 0.200000 -1.000000 -101.000000 0.000000 0.000000
662 1587016431 0.200000 -1.000000 -101.000000 0.000000 0.000000
662 1587016432 0.200000 -1.000000 -101.000000 0.000000 0.000000
662 1587016433 0.200000 -1.000000 -101.000000 0.000000 0.000000
662 1587016434 0.200000 -1.000000 -101.000000 0.000000 0.000000
662 1587016435 0.600000 -1.000000 -101.000000 0.000000 0.000000
662 1587016436 0.600000 -1.000000 -101.000000 0.000000 0.000000
662 1587016437 0.600000 -1.000000 -101.000000 0.000000 0.000000
662 1587016438 0.600000 -1.000000 -101.000000 0.000000 0.000000
662 1587016439 0.600000 -1.000000 -101.000000 0.000000 0.000000
662 1587016445 5.000000 -1.000000 -101.000000 0.000000 0.000000
662 1587016446 5.000000 -1.000000 -101.000000 0.000000 0.000000
662 1587016447 5.000000 -1.000000 -101.000000 0.000000 0.000000
662 1587016448 5.000000 -1.000000 -101.000000 0.000000 0.000000
662 1587016449 5.000000 -1.000000 -101.000000 0.000000 0.000000
662 1587016455 0.800000 -1.000000 -101.000000 0.000000 0.000000
662 1587016456 0.800000 -1.000000 -101.000000 0.000000 0.000000
662 1587016457 0.800000 -1.000000 -101.000000 0.000000 0.000000
662 1587016458 0.800000 -1.000000 -101.000000 0.000000 0.000000
662 1587016459 0.800000 -1.000000 -101.000000 0.000000 0.000000
662 1587016465 0.200000 -1.000000 -101.000000 0.000000 0.000000
662 1587016466 0.200000 -1.000000 -101.000000 0.000000 0.000000
662 1587016467 0.200000 -1.000000 -101.000000 0.000000 0.000000
662 1587016468 0.200000 -1.000000 -101.000000 0.000000 0.000000
662 1587016469 0.200000 -1.000000 -101.000000 0.000000 0.000000
662 1587016475 0.200000 -1.000000 -101.000000 0.000000 0.000000
662 1587016476 0.200000 -1.000000 -101.000000 0.000000 0.000000
662 1587016477 0.200000 -1.000000 -101.000000 0.000000 0.000000
662 1587016478 0.200000 -1.000000 -101.000000 0.000000 0.000000
662 1587016479 0.200000 -1.000000 -101.000000 0.000000 0.000000
662 1587016485 4.600000 -1.000000 -101.000000 0.000000 0.000000
662 1587016486 4.600000 -1.000000 -101.000000 0.000000 0.000000
662 1587016487 4.600000 -1.000000 -101.000000 0.000000 0.000000
662 1587016488 4.600000 -1.000000 -101.000000 0.000000 0.000000
662 1587016489 4.600000 -1.000000 -101.000000 0.000000 0.000000
662 1587016490 1.400000 -1.000000 -101.000000 0.000000 0.000000
662 1587016491 1.400000 -1.000000 -101.000000 0.000000 0.000000
662 1587016492 1.400000 -1.000000 -101.000000 0.000000 0.000000
662 1587016493 1.400000 -1.000000 -101.000000 0.000000 0.000000
662 1587016494 1.400000 -1.000000 -101.000000 0.000000 0.000000
662 1587016495 1.400000 -1.000000 -101.000000 0.000000 0.000000
662 1587016496 1.400000 -1.000000 -101.000000 0.000000 0.000000
662 1587016497 1.400000 -1.000000 -101.000000 0.000000 0.000000
662 1587016498 1.400000 -1.000000 -101.000000 0.000000 0.000000
662 1587016499 1.400000 -1.000000 -101.000000 0.000000 0.000000
662 1587016505 0.200000 -1.000000 -101.000000 0.000000 0.000000
662 1587016506 0.200000 -1.000000 -101.000000 0.000000 0.000000
662 1587016507 0.200000 -1.000000 -101.000000 0.000000 0.000000
662 1587016508 0.200000 -1.000000 -101.000000 0.000000 0.000000
662 1587016509 0.200000 -1.000000 -101.000000 0.000000 0.000000
662 1587016515 0.200000 -1.000000 -101.000000 0.000000 0.000000
662 1587016516 0.200000 -1.000000 -101.000000 0.000000 0.000000
662 1587016517 0.200000 -1.000000 -101.000000 0.000000 0.000000
662 1587016518 0.200000 -1.000000 -101.000000 0.000000 0.000000
662 1587016519 0.200000 -1.000000 -101.000000 0.000000 0.000000
662 1587016530 0.600000 -1.000000 -101.000000 0.000000 0.000000
662 1587016531 0.600000 -1.000000 -101.000000 0.000000 0.000000
662 1587016532 0.600000 -1.000000 -101.000000 0.000000 0.000000
662 1587016533 0.600000 -1.000000 -101.000000 0.000000 0.000000
662 1587016534 0.600000 -1.000000 -101.000000 0.000000 0.000000
662 1587016535 1.800000 -1.000000 -101.000000 0.000000 0.000000
662 1587016536 1.800000 -1.000000 -101.000000 0.000000 0.000000
662 1587016537 1.800000 -1.000000 -101.000000 0.000000 0.000000
662 1587016538 1.800000 -1.000000 -101.000000 0.000000 0.000000
662 1587016539 1.800000 -1.000000 -101.000000 0.000000 0.000000
662 1587016550 1.400000 -1.000000 -101.000000 0.000000 0.000000
662 1587016551 1.400000 -1.000000 -101.000000 0.000000 0.000000
662 1587016552 1.400000 -1.000000 -101.000000 0.000000 0.000000
662 1587016553 1.400000 -1.000000 -101.000000 0.000000 0.000000
662 1587016554 1.400000 -1.000000 -101.000000 0.000000 0.000000
662 1587016615 2.000000 -1.000000 -101.000000 0.000000 0.000000
662 1587016616 2.000000 -1.000000 -101.000000 0.000000 0.000000
662 1587016617 2.000000 -1.000000 -101.000000 0.000000 0.000000
662 1587016618 2.000000 -1.000000 -101.000000 0.000000 0.000000
662 1587016619 2.000000 -1.000000 -101.000000 0.000000 0.000000
662 1587016620 1.200000 -1.000000 -101.000000 0.000000 0.000000
662 1587016621 1.200000 -1.000000 -101.000000 0.000000 0.000000
662 1587016622 1.200000 -1.000000 -101.000000 0.000000 0.000000
662 1587016623 1.200000 -1.000000 -101.000000 0.000000 0.000000
662 1587016624 1.200000 -1.000000 -101.000000 0.000000 0.000000
662 1587016625 1.000000 -1.000000 -101.000000 0.000000 0.000000
662 1587016626 1.000000 -1.000000 -101.000000 0.000000 0.000000
662 1587016627 1.000000 -1.000000 -101.000000 0.000000 0.000000
662 1587016628 1.000000 -1.000000 -101.000000 0.000000 0.000000
662 1587016629 1.000000 -1.000000 -101.000000 0.000000 0.000000
662 1587016630 0.200000 -1.000000 -101.000000 0.000000 0.000000
662 1587016631 0.200000 -1.000000 -101.000000 0.000000 0.000000
662 1587016632 0.200000 -1.000000 -101.000000 0.000000 0.000000
662 1587016633 0.200000 -1.000000 -101.000000 0.000000 0.000000
662 1587016634 0.200000 -1.000000 -101.000000 0.000000 0.000000
662 1587016635 0.200000 -1.000000 -101.000000 0.000000 0.000000
662 1587016636 0.200000 -1.000000 -101.000000 0.000000 0.000000
662 1587016637 0.200000 -1.000000 -101.000000 0.000000 0.000000
662 1587016638 0.200000 -1.000000 -101.000000 0.000000 0.000000
662 1587016639 0.200000 -1.000000 -101.000000 0.000000 0.000000
662 1587016640 0.200000 -1.000000 -101.000000 0.000000 0.000000
662 1587016641 0.200000 -1.000000 -101.000000 0.000000 0.000000
662 1587016642 0.200000 -1.000000 -101.000000 0.000000 0.000000
662 1587016643 0.200000 -1.000000 -101.000000 0.000000 0.000000
662 1587016644 0.200000 -1.000000 -101.000000 0.000000 0.000000
662 1587016645 0.200000 -1.000000 -101.000000 0.000000 0.000000
662 1587016646 0.200000 -1.000000 -101.000000 0.000000 0.000000
662 1587016647 0.200000 -1.000000 -101.000000 0.000000 0.000000
662 1587016648 0.200000 -1.000000 -101.000000 0.000000 0.000000
662 1587016649 0.200000 -1.000000 -101.000000 0.000000 0.000000
662 1587016665 0.200000 -1.000000 -101.000000 0.000000 0.000000
662 1587016666 0.200000 -1.000000 -101.000000 0.000000 0.000000
662 1587016667 0.200000 -1.000000 -101.000000 0.000000 0.000000
662 1587016668 0.200000 -1.000000 -101.000000 0.000000 0.000000
662 1587016669 0.200000 -1.000000 -101.000000 0.000000 0.000000
662 1587016670 0.200000 -1.000000 -101.000000 0.000000 0.000000
662 1587016671 0.200000 -1.000000 -101.000000 0.000000 0.000000
662 1587016672 0.200000 -1.000000 -101.000000 0.000000 0.000000
662 1587016673 0.200000 -1.000000 -101.000000 0.000000 0.000000
662 1587016674 0.200000 -1.000000 -101.000000 0.000000 0.000000
662 1587016685 2.800000 -1.000000 -101.000000 0.000000 0.000000
662 1587016686 2.800000 -1.000000 -101.000000 0.000000 0.000000
662 1587016687 2.800000 -1.000000 -101.000000 0.000000 0.000000
662 1587016688 2.800000 -1.000000 -101.000000 0.000000 0.000000
662 1587016689 2.800000 -1.000000 -101.000000 0.000000 0.000000
662 1587016690 3.400000 -1.000000 -101.000000 0.000000 0.000000
662 1587016691 3.400000 -1.000000 -101.000000 0.000000 0.000000
662 1587016692 3.400000 -1.000000 -101.000000 0.000000 0.000000
662 1587016693 3.400000 -1.000000 -101.000000 0.000000 0.000000
662 1587016694 3.400000 -1.000000 -101.000000 0.000000 0.000000
662 1587016700 6.000000 -1.000000 -101.000000 0.000000 0.000000
662 1587016701 6.000000 -1.000000 -101.000000 0.000000 0.000000
662 1587016702 6.000000 -1.000000 -101.000000 0.000000 0.000000
662 1587016703 6.000000 -1.000000 -101.000000 0.000000 0.000000
662 1587016704 6.000000 -1.000000 -101.000000 0.000000 0.000000
662 1587016710 0.200000 -1.000000 -101.000000 0.000000 0.000000
662 1587016711 0.200000 -1.000000 -101.000000 0.000000 0.000000
662 1587016712 0.200000 -1.000000 -101.000000 0.000000 0.000000
662 1587016713 0.200000 -1.000000 -101.000000 0.000000 0.000000
662 1587016714 0.200000 -1.000000 -101.000000 0.000000 0.000000
662 1587016715 0.200000 -1.000000 -101.000000 0.000000 0.000000
662 1587016716 0.200000 -1.000000 -101.000000 0.000000 0.000000
662 1587016717 0.200000 -1.000000 -101.000000 0.000000 0.000000
662 1587016718 0.200000 -1.000000 -101.000000 0.000000 0.000000
662 1587016719 0.200000 -1.000000 -101.000000 0.000000 0.000000
662 1587016730 0.400000 -1.000000 -101.000000 0.000000 0.000000
662 1587016731 0.400000 -1.000000 -101.000000 0.000000 0.000000
662 1587016732 0.400000 -1.000000 -101.000000 0.000000 0.000000
662 1587016733 0.400000 -1.000000 -101.000000 0.000000 0.000000
662 1587016734 0.400000 -1.000000 -101.000000 0.000000 0.000000
662 1587016785 0.400000 -1.000000 -101.000000 0.000000 0.000000
662 1587016786 0.400000 -1.000000 -101.000000 0.000000 0.000000
662 1587016787 0.400000 -1.000000 -101.000000 0.000000 0.000000
662 1587016788 0.400000 -1.000000 -101.000000 0.000000 0.000000
662 1587016789 0.400000 -1.000000 -101.000000 0.000000 0.000000
662 1587016790 7.000000 -1.000000 -101.000000 0.000000 0.000000
662 1587016791 7.000000 -1.000000 -101.000000 0.000000 0.000000
662 1587016792 7.000000 -1.000000 -101.000000 0.000000 0.000000
662 1587016793 7.000000 -1.000000 -101.000000 0.000000 0.000000
662 1587016794 7.000000 -1.000000 -101.000000 0.000000 0.000000
662 1587016810 0.200000 -1.000000 -101.000000 0.000000 0.000000
662 1587016811 0.200000 -1.000000 -101.000000 0.000000 0.000000
662 1587016812 0.200000 -1.000000 -101.000000 0.000000 0.000000
662 1587016813 0.200000 -1.000000 -101.000000 0.000000 0.000000
662 1587016814 0.200000 -1.000000 -101.000000 0.000000 0.000000
662 1587016840 0.200000 -1.000000 -101.000000 0.000000 0.000000
662 1587016841 0.200000 -1.000000 -101.000000 0.000000 0.000000
662 1587016842 0.200000 -1.000000 -101.000000 0.000000 0.000000
662 1587016843 0.200000 -1.000000 -101.000000 0.000000 0.000000
662 1587016844 0.200000 -1.000000 -101.000000 0.000000 0.000000
662 1587016860 1.000000 -1.000000 -101.000000 0.000000 0.000000
662 1587016861 1.000000 -1.000000 -101.000000 0.000000 0.000000
662 1587016862 1.000000 -1.000000 -101.000000 0.000000 0.000000
662 1587016863 1.000000 -1.000000 -101.000000 0.000000 0.000000
662 1587016864 1.000000 -1.000000 -101.000000 0.000000 0.000000
662 1587016865 2.200000 -1.000000 -101.000000 0.000000 0.000000
662 1587016866 2.200000 -1.000000 -101.000000 0.000000 0.000000
662 1587016867 2.200000 -1.000000 -101.000000 0.000000 0.000000
662 1587016868 2.200000 -1.000000 -101.000000 0.000000 0.000000
662 1587016869 2.200000 -1.000000 -101.000000 0.000000 0.000000
662 1587016870 0.400000 -1.000000 -101.000000 0.000000 0.000000
662 1587016871 0.400000 -1.000000 -101.000000 0.000000 0.000000
662 1587016872 0.400000 -1.000000 -101.000000 0.000000 0.000000
662 1587016873 0.400000 -1.000000 -101.000000 0.000000 0.000000
662 1587016874 0.400000 -1.000000 -101.000000 0.000000 0.000000
662 1587016970 0.400000 -1.000000 -101.000000 0.000000 0.000000
662 1587016971 0.400000 -1.000000 -101.000000 0.000000 0.000000
662 1587016972 0.400000 -1.000000 -101.000000 0.000000 0.000000
662 1587016973 0.400000 -1.000000 -101.000000 0.000000 0.000000
662 1587016974 0.400000 -1.000000 -101.000000 0.000000 0.000000
662 1587016975 7.400000 -1.000000 -101.000000 0.000000 0.000000
662 1587016976 7.400000 -1.000000 -101.000000 0.000000 0.000000
662 1587016977 7.400000 -1.000000 -101.000000 0.000000 0.000000
662 1587016978 7.400000 -1.000000 -101.000000 0.000000 0.000000
662 1587016979 7.400000 -1.000000 -101.000000 0.000000 0.000000
662 1587016985 0.400000 -1.000000 -101.000000 0.000000 0.000000
662 1587016986 0.400000 -1.000000 -101.000000 0.000000 0.000000
662 1587016987 0.400000 -1.000000 -101.000000 0.000000 0.000000
662 1587016988 0.400000 -1.000000 -101.000000 0.000000 0.000000
662 1587016989 0.400000 -1.000000 -101.000000 0.000000 0.000000
662 1587017025 0.200000 -1.000000 -101.000000 0.000000 0.000000
662 1587017026 0.200000 -1.000000 -101.000000 0.000000 0.000000
662 1587017027 0.200000 -1.000000 -101.000000 0.000000 0.000000
662 1587017028 0.200000 -1.000000 -101.000000 0.000000 0.000000
662 1587017029 0.200000 -1.000000 -101.000000 0.000000 0.000000
662 1587017030 0.200000 -1.000000 -101.000000 0.000000 0.000000
662 1587017031 0.200000 -1.000000 -101.000000 0.000000 0.000000
662 1587017032 0.200000 -1.000000 -101.000000 0.000000 0.000000
662 1587017033 0.200000 -1.000000 -101.000000 0.000000 0.000000
662 1587017034 0.200000 -1.000000 -101.000000 0.000000 0.000000
662 1587017045 0.400000 -1.000000 -101.000000 0.000000 0.000000
662 1587017046 0.400000 -1.000000 -101.000000 0.000000 0.000000
662 1587017047 0.400000 -1.000000 -101.000000 0.000000 0.000000
662 1587017048 0.400000 -1.000000 -101.000000 0.000000 0.000000
662 1587017049 0.400000 -1.000000 -101.000000 0.000000 0.000000
662 1587017050 1.600000 -1.000000 -101.000000 0.000000 0.000000
662 1587017051 1.600000 -1.000000 -101.000000 0.000000 0.000000
662 1587017052 1.600000 -1.000000 -101.000000 0.000000 0.000000
662 1587017053 1.600000 -1.000000 -101.000000 0.000000 0.000000
662 1587017054 1.600000 -1.000000 -101.000000 0.000000 0.000000
662 1587017055 0.800000 -1.000000 -101.000000 0.000000 0.000000
662 1587017056 0.800000 -1.000000 -101.000000 0.000000 0.000000
662 1587017057 0.800000 -1.000000 -101.000000 0.000000 0.000000
662 1587017058 0.800000 -1.000000 -101.000000 0.000000 0.000000
662 1587017059 0.800000 -1.000000 -101.000000 0.000000 0.000000
662 1587017135 0.400000 -1.000000 -101.000000 0.000000 0.000000
662 1587017136 0.400000 -1.000000 -101.000000 0.000000 0.000000
662 1587017137 0.400000 -1.000000 -101.000000 0.000000 0.000000
662 1587017138 0.400000 -1.000000 -101.000000 0.000000 0.000000
662 1587017139 0.400000 -1.000000 -101.000000 0.000000 0.000000
662 1587017150 1.200000 -1.000000 -101.000000 0.000000 0.000000
662 1587017151 1.200000 -1.000000 -101.000000 0.000000 0.000000
662 1587017152 1.200000 -1.000000 -101.000000 0.000000 0.000000
662 1587017153 1.200000 -1.000000 -101.000000 0.000000 0.000000
662 1587017154 1.200000 -1.000000 -101.000000 0.000000 0.000000
662 1587017155 3.800000 -1.000000 -101.000000 0.000000 0.000000
662 1587017156 3.800000 -1.000000 -101.000000 0.000000 0.000000
662 1587017157 3.800000 -1.000000 -101.000000 0.000000 0.000000
662 1587017158 3.800000 -1.000000 -101.000000 0.000000 0.000000
662 1587017159 3.800000 -1.000000 -101.000000 0.000000 0.000000
662 1587017170 0.200000 -1.000000 -101.000000 0.000000 0.000000
662 1587017171 0.200000 -1.000000 -101.000000 0.000000 0.000000
662 1587017172 0.200000 -1.000000 -101.000000 0.000000 0.000000
662 1587017173 0.200000 -1.000000 -101.000000 0.000000 0.000000
662 1587017174 0.200000 -1.000000 -101.000000 0.000000 0.000000
662 1587017175 0.200000 -1.000000 -101.000000 0.000000 0.000000
662 1587017176 0.200000 -1.000000 -101.000000 0.000000 0.000000
662 1587017177 0.200000 -1.000000 -101.000000 0.000000 0.000000
662 1587017178 0.200000 -1.000000 -101.000000 0.000000 0.000000
662 1587017179 0.200000 -1.000000 -101.000000 0.000000 0.000000
662 1587017190 0.200000 -1.000000 -101.000000 0.000000 0.000000
662 1587017191 0.200000 -1.000000 -101.000000 0.000000 0.000000
662 1587017192 0.200000 -1.000000 -101.000000 0.000000 0.000000
662 1587017193 0.200000 -1.000000 -101.000000 0.000000 0.000000
662 1587017194 0.200000 -1.000000 -101.000000 0.000000 0.000000
662 1587017230 12.800000 -1.000000 -101.000000 0.000000 0.000000
662 1587017231 12.800000 -1.000000 -101.000000 0.000000 0.000000
662 1587017232 12.800000 -1.000000 -101.000000 0.000000 0.000000
662 1587017233 12.800000 -1.000000 -101.000000 0.000000 0.000000
662 1587017234 12.800000 -1.000000 -101.000000 0.000000 0.000000
662 1587017235 1.000000 -1.000000 -101.000000 0.000000 0.000000
662 1587017236 1.000000 -1.000000 -101.000000 0.000000 0.000000
662 1587017237 1.000000 -1.000000 -101.000000 0.000000 0.000000
662 1587017238 1.000000 -1.000000 -101.000000 0.000000 0.000000
662 1587017239 1.000000 -1.000000 -101.000000 0.000000 0.000000
662 1587017240 0.200000 -1.000000 -101.000000 0.000000 0.000000
662 1587017241 0.200000 -1.000000 -101.000000 0.000000 0.000000
662 1587017242 0.200000 -1.000000 -101.000000 0.000000 0.000000
662 1587017243 0.200000 -1.000000 -101.000000 0.000000 0.000000
662 1587017244 0.200000 -1.000000 -101.000000 0.000000 0.000000
662 1587017260 0.200000 -1.000000 -101.000000 0.000000 0.000000
662 1587017261 0.200000 -1.000000 -101.000000 0.000000 0.000000
662 1587017262 0.200000 -1.000000 -101.000000 0.000000 0.000000
662 1587017263 0.200000 -1.000000 -101.000000 0.000000 0.000000
662 1587017264 0.200000 -1.000000 -101.000000 0.000000 0.000000
662 1587017325 0.600000 -1.000000 -101.000000 0.000000 0.000000
662 1587017326 0.600000 -1.000000 -101.000000 0.000000 0.000000
662 1587017327 0.600000 -1.000000 -101.000000 0.000000 0.000000
662 1587017328 0.600000 -1.000000 -101.000000 0.000000 0.000000
662 1587017329 0.600000 -1.000000 -101.000000 0.000000 0.000000
662 1587017330 0.400000 -1.000000 -101.000000 0.000000 0.000000
662 1587017331 0.400000 -1.000000 -101.000000 0.000000 0.000000
662 1587017332 0.400000 -1.000000 -101.000000 0.000000 0.000000
662 1587017333 0.400000 -1.000000 -101.000000 0.000000 0.000000
662 1587017334 0.400000 -1.000000 -101.000000 0.000000 0.000000
662 1587017335 0.800000 -1.000000 -101.000000 0.000000 0.000000
662 1587017336 0.800000 -1.000000 -101.000000 0.000000 0.000000
662 1587017337 0.800000 -1.000000 -101.000000 0.000000 0.000000
662 1587017338 0.800000 -1.000000 -101.000000 0.000000 0.000000
662 1587017339 0.800000 -1.000000 -101.000000 0.000000 0.000000
662 1587017340 4.000000 -1.000000 -101.000000 0.000000 0.000000
662 1587017341 4.000000 -1.000000 -101.000000 0.000000 0.000000
662 1587017342 4.000000 -1.000000 -101.000000 0.000000 0.000000
662 1587017343 4.000000 -1.000000 -101.000000 0.000000 0.000000
662 1587017344 4.000000 -1.000000 -101.000000 0.000000 0.000000
662 1587017370 0.400000 -1.000000 -101.000000 0.000000 0.000000
662 1587017371 0.400000 -1.000000 -101.000000 0.000000 0.000000
662 1587017372 0.400000 -1.000000 -101.000000 0.000000 0.000000
662 1587017373 0.400000 -1.000000 -101.000000 0.000000 0.000000
662 1587017374 0.400000 -1.000000 -101.000000 0.000000 0.000000
662 1587017390 2.200000 -1.000000 -101.000000 0.000000 0.000000
662 1587017391 2.200000 -1.000000 -101.000000 0.000000 0.000000
662 1587017392 2.200000 -1.000000 -101.000000 0.000000 0.000000
662 1587017393 2.200000 -1.000000 -101.000000 0.000000 0.000000
662 1587017394 2.200000 -1.000000 -101.000000 0.000000 0.000000
662 1587017400 0.200000 -1.000000 -101.000000 0.000000 0.000000
662 1587017401 0.200000 -1.000000 -101.000000 0.000000 0.000000
662 1587017402 0.200000 -1.000000 -101.000000 0.000000 0.000000
662 1587017403 0.200000 -1.000000 -101.000000 0.000000 0.000000
662 1587017404 0.200000 -1.000000 -101.000000 0.000000 0.000000
662 1587017405 4.800000 -1.000000 -101.000000 0.000000 0.000000
662 1587017406 4.800000 -1.000000 -101.000000 0.000000 0.000000
662 1587017407 4.800000 -1.000000 -101.000000 0.000000 0.000000
662 1587017408 4.800000 -1.000000 -101.000000 0.000000 0.000000
662 1587017409 4.800000 -1.000000 -101.000000 0.000000 0.000000
662 1587017425 0.800000 -1.000000 -101.000000 0.000000 0.000000
662 1587017426 0.800000 -1.000000 -101.000000 0.000000 0.000000
662 1587017427 0.800000 -1.000000 -101.000000 0.000000 0.000000
662 1587017428 0.800000 -1.000000 -101.000000 0.000000 0.000000
662 1587017429 0.800000 -1.000000 -101.000000 0.000000 0.000000
662 1587017430 2.600000 -1.000000 -101.000000 0.000000 0.000000
662 1587017431 2.600000 -1.000000 -101.000000 0.000000 0.000000
662 1587017432 2.600000 -1.000000 -101.000000 0.000000 0.000000
662 1587017433 2.600000 -1.000000 -101.000000 0.000000 0.000000
662 1587017434 2.600000 -1.000000 -101.000000 0.000000 0.000000
662 1587017500 1.000000 -1.000000 -101.000000 0.000000 0.000000
662 1587017501 1.000000 -1.000000 -101.000000 0.000000 0.000000
662 1587017502 1.000000 -1.000000 -101.000000 0.000000 0.000000
662 1587017503 1.000000 -1.000000 -101.000000 0.000000 0.000000
662 1587017504 1.000000 -1.000000 -101.000000 0.000000 0.000000
662 1587017505 0.800000 -1.000000 -101.000000 0.000000 0.000000
662 1587017506 0.800000 -1.000000 -101.000000 0.000000 0.000000
662 1587017507 0.800000 -1.000000 -101.000000 0.000000 0.000000
662 1587017508 0.800000 -1.000000 -101.000000 0.000000 0.000000
662 1587017509 0.800000 -1.000000 -101.000000 0.000000 0.000000
662 1587017520 0.200000 -1.000000 -101.000000 0.000000 0.000000
662 1587017521 0.200000 -1.000000 -101.000000 0.000000 0.000000
662 1587017522 0.200000 -1.000000 -101.000000 0.000000 0.000000
662 1587017523 0.200000 -1.000000 -101.000000 0.000000 0.000000
662 1587017524 0.200000 -1.000000 -101.000000 0.000000 0.000000
662 1587017545 0.200000 -1.000000 -101.000000 0.000000 0.000000
662 1587017546 0.200000 -1.000000 -101.000000 0.000000 0.000000
662 1587017547 0.200000 -1.000000 -101.000000 0.000000 0.000000
662 1587017548 0.200000 -1.000000 -101.000000 0.000000 0.000000
662 1587017549 0.200000 -1.000000 -101.000000 0.000000 0.000000
662 1587017575 4.200000 -1.000000 -101.000000 0.000000 0.000000
662 1587017576 4.200000 -1.000000 -101.000000 0.000000 0.000000
662 1587017577 4.200000 -1.000000 -101.000000 0.000000 0.000000
662 1587017578 4.200000 -1.000000 -101.000000 0.000000 0.000000
662 1587017579 4.200000 -1.000000 -101.000000 0.000000 0.000000
662 1587017580 0.200000 -1.000000 -101.000000 0.000000 0.000000
662 1587017581 0.200000 -1.000000 -101.000000 0.000000 0.000000
662 1587017582 0.200000 -1.000000 -101.000000 0.000000 0.000000
662 1587017583 0.200000 -1.000000 -101.000000 0.000000 0.000000
662 1587017584 0.200000 -1.000000 -101.000000 0.000000 0.000000
662 1587017585 0.200000 -1.000000 -101.000000 0.000000 0.000000
662 1587017586 0.200000 -1.000000 -101.000000 0.000000 0.000000
662 1587017587 0.200000 -1.000000 -101.000000 0.000000 0.000000
662 1587017588 0.200000 -1.000000 -101.000000 0.000000 0.000000
662 1587017589 0.200000 -1.000000 -101.000000 0.000000 0.000000
662 1587017590 0.800000 -1.000000 -101.000000 0.000000 0.000000
662 1587017591 0.800000 -1.000000 -101.000000 0.000000 0.000000
662 1587017592 0.800000 -1.000000 -101.000000 0.000000 0.000000
662 1587017593 0.800000 -1.000000 -101.000000 0.000000 0.000000
662 1587017594 0.800000 -1.000000 -101.000000 0.000000 0.000000
662 1587017605 0.200000 -1.000000 -101.000000 0.000000 0.000000
662 1587017606 0.200000 -1.000000 -101.000000 0.000000 0.000000
662 1587017607 0.200000 -1.000000 -101.000000 0.000000 0.000000
662 1587017608 0.200000 -1.000000 -101.000000 0.000000 0.000000
662 1587017609 0.200000 -1.000000 -101.000000 0.000000 0.000000
662 1587017680 0.600000 -1.000000 -101.000000 0.000000 0.000000
662 1587017681 0.600000 -1.000000 -101.000000 0.000000 0.000000
662 1587017682 0.600000 -1.000000 -101.000000 0.000000 0.000000
662 1587017683 0.600000 -1.000000 -101.000000 0.000000 0.000000
662 1587017684 0.600000 -1.000000 -101.000000 0.000000 0.000000
662 1587017685 2.600000 -1.000000 -101.000000 0.000000 0.000000
662 1587017686 2.600000 -1.000000 -101.000000 0.000000 0.000000
662 1587017687 2.600000 -1.000000 -101.000000 0.000000 0.000000
662 1587017688 2.600000 -1.000000 -101.000000 0.000000 0.000000
662 1587017689 2.600000 -1.000000 -101.000000 0.000000 0.000000
662 1587017690 0.600000 -1.000000 -101.000000 0.000000 0.000000
662 1587017691 0.600000 -1.000000 -101.000000 0.000000 0.000000
662 1587017692 0.600000 -1.000000 -101.000000 0.000000 0.000000
662 1587017693 0.600000 -1.000000 -101.000000 0.000000 0.000000
662 1587017694 0.600000 -1.000000 -101.000000 0.000000 0.000000
662 1587017705 0.200000 -1.000000 -101.000000 0.000000 0.000000
662 1587017706 0.200000 -1.000000 -101.000000 0.000000 0.000000
662 1587017707 0.200000 -1.000000 -101.000000 0.000000 0.000000
662 1587017708 0.200000 -1.000000 -101.000000 0.000000 0.000000
662 1587017709 0.200000 -1.000000 -101.000000 0.000000 0.000000
662 1587017715 0.200000 -1.000000 -101.000000 0.000000 0.000000
662 1587017716 0.200000 -1.000000 -101.000000 0.000000 0.000000
662 1587017717 0.200000 -1.000000 -101.000000 0.000000 0.000000
662 1587017718 0.200000 -1.000000 -101.000000 0.000000 0.000000
662 1587017719 0.200000 -1.000000 -101.000000 0.000000 0.000000
662 1587017735 0.200000 -1.000000 -101.000000 0.000000 0.000000
662 1587017736 0.200000 -1.000000 -101.000000 0.000000 0.000000
662 1587017737 0.200000 -1.000000 -101.000000 0.000000 0.000000
662 1587017738 0.200000 -1.000000 -101.000000 0.000000 0.000000
662 1587017739 0.200000 -1.000000 -101.000000 0.000000 0.000000
662 1587017750 0.200000 -1.000000 -101.000000 0.000000 0.000000
662 1587017751 0.200000 -1.000000 -101.000000 0.000000 0.000000
662 1587017752 0.200000 -1.000000 -101.000000 0.000000 0.000000
662 1587017753 0.200000 -1.000000 -101.000000 0.000000 0.000000
662 1587017754 0.200000 -1.000000 -101.000000 0.000000 0.000000
662 1587017755 3.800000 -1.000000 -101.000000 0.000000 0.000000
662 1587017756 3.800000 -1.000000 -101.000000 0.000000 0.000000
662 1587017757 3.800000 -1.000000 -101.000000 0.000000 0.000000
662 1587017758 3.800000 -1.000000 -101.000000 0.000000 0.000000
662 1587017759 3.800000 -1.000000 -101.000000 0.000000 0.000000
662 1587017760 7.600000 -1.000000 -101.000000 0.000000 0.000000
662 1587017761 7.600000 -1.000000 -101.000000 0.000000 0.000000
662 1587017762 7.600000 -1.000000 -101.000000 0.000000 0.000000
662 1587017763 7.600000 -1.000000 -101.000000 0.000000 0.000000
662 1587017764 7.600000 -1.000000 -101.000000 0.000000 0.000000
662 1587017850 2.200000 -1.000000 -101.000000 0.000000 0.000000
662 1587017851 2.200000 -1.000000 -101.000000 0.000000 0.000000
662 1587017852 2.200000 -1.000000 -101.000000 0.000000 0.000000
662 1587017853 2.200000 -1.000000 -101.000000 0.000000 0.000000
662 1587017854 2.200000 -1.000000 -101.000000 0.000000 0.000000
662 1587017855 0.200000 -1.000000 -101.000000 0.000000 0.000000
662 1587017856 0.200000 -1.000000 -101.000000 0.000000 0.000000
662 1587017857 0.200000 -1.000000 -101.000000 0.000000 0.000000
662 1587017858 0.200000 -1.000000 -101.000000 0.000000 0.000000
662 1587017859 0.200000 -1.000000 -101.000000 0.000000 0.000000
662 1587017890 0.200000 -1.000000 -101.000000 0.000000 0.000000
662 1587017891 0.200000 -1.000000 -101.000000 0.000000 0.000000
662 1587017892 0.200000 -1.000000 -101.000000 0.000000 0.000000
662 1587017893 0.200000 -1.000000 -101.000000 0.000000 0.000000
662 1587017894 0.200000 -1.000000 -101.000000 0.000000 0.000000
662 1587017895 0.200000 -1.000000 -101.000000 0.000000 0.000000
662 1587017896 0.200000 -1.000000 -101.000000 0.000000 0.000000
662 1587017897 0.200000 -1.000000 -101.000000 0.000000 0.000000
662 1587017898 0.200000 -1.000000 -101.000000 0.000000 0.000000
662 1587017899 0.200000 -1.000000 -101.000000 0.000000 0.000000
662 1587017910 0.200000 -1.000000 -101.000000 0.000000 0.000000
662 1587017911 0.200000 -1.000000 -101.000000 0.000000 0.000000
662 1587017912 0.200000 -1.000000 -101.000000 0.000000 0.000000
662 1587017913 0.200000 -1.000000 -101.000000 0.000000 0.000000
662 1587017914 0.200000 -1.000000 -101.000000 0.000000 0.000000
662 1587017915 2.200000 -1.000000 -101.000000 0.000000 0.000000
662 1587017916 2.200000 -1.000000 -101.000000 0.000000 0.000000
662 1587017917 2.200000 -1.000000 -101.000000 0.000000 0.000000
662 1587017918 2.200000 -1.000000 -101.000000 0.000000 0.000000
662 1587017919 2.200000 -1.000000 -101.000000 0.000000 0.000000
662 1587017920 0.400000 -1.000000 -101.000000 0.000000 0.000000
662 1587017921 0.400000 -1.000000 -101.000000 0.000000 0.000000
662 1587017922 0.400000 -1.000000 -101.000000 0.000000 0.000000
662 1587017923 0.400000 -1.000000 -101.000000 0.000000 0.000000
662 1587017924 0.400000 -1.000000 -101.000000 0.000000 0.000000
662 1587017930 0.600000 -1.000000 -101.000000 0.000000 0.000000
662 1587017931 0.600000 -1.000000 -101.000000 0.000000 0.000000
662 1587017932 0.600000 -1.000000 -101.000000 0.000000 0.000000
662 1587017933 0.600000 -1.000000 -101.000000 0.000000 0.000000
662 1587017934 0.600000 -1.000000 -101.000000 0.000000 0.000000
662 1587017935 1.200000 -1.000000 -101.000000 0.000000 0.000000
662 1587017936 1.200000 -1.000000 -101.000000 0.000000 0.000000
662 1587017937 1.200000 -1.000000 -101.000000 0.000000 0.000000
662 1587017938 1.200000 -1.000000 -101.000000 0.000000 0.000000
662 1587017939 1.200000 -1.000000 -101.000000 0.000000 0.000000
662 1587017940 3.000000 -1.000000 -101.000000 0.000000 0.000000
662 1587017941 3.000000 -1.000000 -101.000000 0.000000 0.000000
662 1587017942 3.000000 -1.000000 -101.000000 0.000000 0.000000
662 1587017943 3.000000 -1.000000 -101.000000 0.000000 0.000000
662 1587017944 3.000000 -1.000000 -101.000000 0.000000 0.000000
662 1587017950 2.200000 -1.000000 -101.000000 0.000000 0.000000
662 1587017951 2.200000 -1.000000 -101.000000 0.000000 0.000000
662 1587017952 2.200000 -1.000000 -101.000000 0.000000 0.000000
662 1587017953 2.200000 -1.000000 -101.000000 0.000000 0.000000
662 1587017954 2.200000 -1.000000 -101.000000 0.000000 0.000000
662 1587017955 0.400000 -1.000000 -101.000000 0.000000 0.000000
662 1587017956 0.400000 -1.000000 -101.000000 0.000000 0.000000
662 1587017957 0.400000 -1.000000 -101.000000 0.000000 0.000000
662 1587017958 0.400000 -1.000000 -101.000000 0.000000 0.000000
662 1587017959 0.400000 -1.000000 -101.000000 0.000000 0.000000
662 1587017960 0.400000 -1.000000 -101.000000 0.000000 0.000000
662 1587017961 0.400000 -1.000000 -101.000000 0.000000 0.000000
662 1587017962 0.400000 -1.000000 -101.000000 0.000000 0.000000
662 1587017963 0.400000 -1.000000 -101.000000 0.000000 0.000000
662 1587017964 0.400000 -1.000000 -101.000000 0.000000 0.000000
662 1587017970 1.400000 -1.000000 -101.000000 0.000000 0.000000
662 1587017971 1.400000 -1.000000 -101.000000 0.000000 0.000000
662 1587017972 1.400000 -1.000000 -101.000000 0.000000 0.000000
662 1587017973 1.400000 -1.000000 -101.000000 0.000000 0.000000
662 1587017974 1.400000 -1.000000 -101.000000 0.000000 0.000000
662 1587017975 0.800000 -1.000000 -101.000000 0.000000 0.000000
662 1587017976 0.800000 -1.000000 -101.000000 0.000000 0.000000
662 1587017977 0.800000 -1.000000 -101.000000 0.000000 0.000000
662 1587017978 0.800000 -1.000000 -101.000000 0.000000 0.000000
662 1587017979 0.800000 -1.000000 -101.000000 0.000000 0.000000
662 1587017980 0.400000 -1.000000 -101.000000 0.000000 0.000000
662 1587017981 0.400000 -1.000000 -101.000000 0.000000 0.000000
662 1587017982 0.400000 -1.000000 -101.000000 0.000000 0.000000
662 1587017983 0.400000 -1.000000 -101.000000 0.000000 0.000000
662 1587017984 0.400000 -1.000000 -101.000000 0.000000 0.000000
662 1587017985 0.200000 -1.000000 -101.000000 0.000000 0.000000
662 1587017986 0.200000 -1.000000 -101.000000 0.000000 0.000000
662 1587017987 0.200000 -1.000000 -101.000000 0.000000 0.000000
662 1587017988 0.200000 -1.000000 -101.000000 0.000000 0.000000
662 1587017989 0.200000 -1.000000 -101.000000 0.000000 0.000000
662 1587017995 7.400000 -1.000000 -101.000000 0.000000 0.000000
662 1587017996 7.400000 -1.000000 -101.000000 0.000000 0.000000
662 1587017997 7.400000 -1.000000 -101.000000 0.000000 0.000000
662 1587017998 7.400000 -1.000000 -101.000000 0.000000 0.000000
662 1587017999 7.400000 -1.000000 -101.000000 0.000000 0.000000
662 1587018000 1.200000 -1.000000 -101.000000 0.000000 0.000000
662 1587018001 1.200000 -1.000000 -101.000000 0.000000 0.000000
662 1587018002 1.200000 -1.000000 -101.000000 0.000000 0.000000
662 1587018003 1.200000 -1.000000 -101.000000 0.000000 0.000000
662 1587018004 1.200000 -1.000000 -101.000000 0.000000 0.000000
662 1587018030 0.200000 -1.000000 -101.000000 0.000000 0.000000
662 1587018031 0.200000 -1.000000 -101.000000 0.000000 0.000000
662 1587018032 0.200000 -1.000000 -101.000000 0.000000 0.000000
662 1587018033 0.200000 -1.000000 -101.000000 0.000000 0.000000
662 1587018034 0.200000 -1.000000 -101.000000 0.000000 0.000000
662 1587018035 0.200000 -1.000000 -101.000000 0.000000 0.000000
662 1587018036 0.200000 -1.000000 -101.000000 0.000000 0.000000
662 1587018037 0.200000 -1.000000 -101.000000 0.000000 0.000000
662 1587018038 0.200000 -1.000000 -101.000000 0.000000 0.000000
662 1587018039 0.200000 -1.000000 -101.000000 0.000000 0.000000
662 1587018050 0.400000 -1.000000 -101.000000 0.000000 0.000000
662 1587018051 0.400000 -1.000000 -101.000000 0.000000 0.000000
662 1587018052 0.400000 -1.000000 -101.000000 0.000000 0.000000
662 1587018053 0.400000 -1.000000 -101.000000 0.000000 0.000000
662 1587018054 0.400000 -1.000000 -101.000000 0.000000 0.000000
662 1587018055 0.200000 -1.000000 -101.000000 0.000000 0.000000
662 1587018056 0.200000 -1.000000 -101.000000 0.000000 0.000000
662 1587018057 0.200000 -1.000000 -101.000000 0.000000 0.000000
662 1587018058 0.200000 -1.000000 -101.000000 0.000000 0.000000
662 1587018059 0.200000 -1.000000 -101.000000 0.000000 0.000000
662 1587018060 0.200000 -1.000000 -101.000000 0.000000 0.000000
662 1587018061 0.200000 -1.000000 -101.000000 0.000000 0.000000
662 1587018062 0.200000 -1.000000 -101.000000 0.000000 0.000000
662 1587018063 0.200000 -1.000000 -101.000000 0.000000 0.000000
662 1587018064 0.200000 -1.000000 -101.000000 0.000000 0.000000
662 1587018065 0.400000 -1.000000 -101.000000 0.000000 0.000000
662 1587018066 0.400000 -1.000000 -101.000000 0.000000 0.000000
662 1587018067 0.400000 -1.000000 -101.000000 0.000000 0.000000
662 1587018068 0.400000 -1.000000 -101.000000 0.000000 0.000000
662 1587018069 0.400000 -1.000000 -101.000000 0.000000 0.000000
662 1587018080 0.400000 -1.000000 -101.000000 0.000000 0.000000
662 1587018081 0.400000 -1.000000 -101.000000 0.000000 0.000000
662 1587018082 0.400000 -1.000000 -101.000000 0.000000 0.000000
662 1587018083 0.400000 -1.000000 -101.000000 0.000000 0.000000
662 1587018084 0.400000 -1.000000 -101.000000 0.000000 0.000000
662 1587018090 1.000000 -1.000000 -101.000000 0.000000 0.000000
662 1587018091 1.000000 -1.000000 -101.000000 0.000000 0.000000
662 1587018092 1.000000 -1.000000 -101.000000 0.000000 0.000000
662 1587018093 1.000000 -1.000000 -101.000000 0.000000 0.000000
662 1587018094 1.000000 -1.000000 -101.000000 0.000000 0.000000
662 1587018095 0.400000 -1.000000 -101.000000 0.000000 0.000000
662 1587018096 0.400000 -1.000000 -101.000000 0.000000 0.000000
662 1587018097 0.400000 -1.000000 -101.000000 0.000000 0.000000
662 1587018098 0.400000 -1.000000 -101.000000 0.000000 0.000000
662 1587018099 0.400000 -1.000000 -101.000000 0.000000 0.000000
662 1587018100 0.400000 -1.000000 -101.000000 0.000000 0.000000
662 1587018101 0.400000 -1.000000 -101.000000 0.000000 0.000000
662 1587018102 0.400000 -1.000000 -101.000000 0.000000 0.000000
662 1587018103 0.400000 -1.000000 -101.000000 0.000000 0.000000
662 1587018104 0.400000 -1.000000 -101.000000 0.000000 0.000000
662 1587018105 1.000000 -1.000000 -101.000000 0.000000 0.000000
662 1587018106 1.000000 -1.000000 -101.000000 0.000000 0.000000
662 1587018107 1.000000 -1.000000 -101.000000 0.000000 0.000000
662 1587018108 1.000000 -1.000000 -101.000000 0.000000 0.000000
662 1587018109 1.000000 -1.000000 -101.000000 0.000000 0.000000
662 1587018115 1.600000 -1.000000 -101.000000 0.000000 0.000000
662 1587018116 1.600000 -1.000000 -101.000000 0.000000 0.000000
662 1587018117 1.600000 -1.000000 -101.000000 0.000000 0.000000
662 1587018118 1.600000 -1.000000 -101.000000 0.000000 0.000000
662 1587018119 1.600000 -1.000000 -101.000000 0.000000 0.000000
662 1587018120 0.200000 -1.000000 -101.000000 0.000000 0.000000
662 1587018121 0.200000 -1.000000 -101.000000 0.000000 0.000000
662 1587018122 0.200000 -1.000000 -101.000000 0.000000 0.000000
662 1587018123 0.200000 -1.000000 -101.000000 0.000000 0.000000
662 1587018124 0.200000 -1.000000 -101.000000 0.000000 0.000000
662 1587018125 0.600000 -1.000000 -101.000000 0.000000 0.000000
662 1587018126 0.600000 -1.000000 -101.000000 0.000000 0.000000
662 1587018127 0.600000 -1.000000 -101.000000 0.000000 0.000000
662 1587018128 0.600000 -1.000000 -101.000000 0.000000 0.000000
662 1587018129 0.600000 -1.000000 -101.000000 0.000000 0.000000
662 1587018140 8.400000 -1.000000 -101.000000 0.000000 0.000000
662 1587018141 8.400000 -1.000000 -101.000000 0.000000 0.000000
662 1587018142 8.400000 -1.000000 -101.000000 0.000000 0.000000
662 1587018143 8.400000 -1.000000 -101.000000 0.000000 0.000000
662 1587018144 8.400000 -1.000000 -101.000000 0.000000 0.000000
662 1587018145 0.200000 -1.000000 -101.000000 0.000000 0.000000
662 1587018146 0.200000 -1.000000 -101.000000 0.000000 0.000000
662 1587018147 0.200000 -1.000000 -101.000000 0.000000 0.000000
662 1587018148 0.200000 -1.000000 -101.000000 0.000000 0.000000
662 1587018149 0.200000 -1.000000 -101.000000 0.000000 0.000000
662 1587018150 0.200000 -1.000000 -101.000000 0.000000 0.000000
662 1587018151 0.200000 -1.000000 -101.000000 0.000000 0.000000
662 1587018152 0.200000 -1.000000 -101.000000 0.000000 0.000000
662 1587018153 0.200000 -1.000000 -101.000000 0.000000 0.000000
662 1587018154 0.200000 -1.000000 -101.000000 0.000000 0.000000
662 1587018165 0.600000 -1.000000 -101.000000 0.000000 0.000000
662 1587018166 0.600000 -1.000000 -101.000000 0.000000 0.000000
662 1587018167 0.600000 -1.000000 -101.000000 0.000000 0.000000
662 1587018168 0.600000 -1.000000 -101.000000 0.000000 0.000000
662 1587018169 0.600000 -1.000000 -101.000000 0.000000 0.000000
662 1587018175 0.400000 -1.000000 -101.000000 0.000000 0.000000
662 1587018176 0.400000 -1.000000 -101.000000 0.000000 0.000000
662 1587018177 0.400000 -1.000000 -101.000000 0.000000 0.000000
662 1587018178 0.400000 -1.000000 -101.000000 0.000000 0.000000
662 1587018179 0.400000 -1.000000 -101.000000 0.000000 0.000000
662 1587018180 0.200000 -1.000000 -101.000000 0.000000 0.000000
662 1587018181 0.200000 -1.000000 -101.000000 0.000000 0.000000
662 1587018182 0.200000 -1.000000 -101.000000 0.000000 0.000000
662 1587018183 0.200000 -1.000000 -101.000000 0.000000 0.000000
662 1587018184 0.200000 -1.000000 -101.000000 0.000000 0.000000
662 1587018185 7.600000 -1.000000 -101.000000 0.000000 0.000000
662 1587018186 7.600000 -1.000000 -101.000000 0.000000 0.000000
662 1587018187 7.600000 -1.000000 -101.000000 0.000000 0.000000
662 1587018188 7.600000 -1.000000 -101.000000 0.000000 0.000000
662 1587018189 7.600000 -1.000000 -101.000000 0.000000 0.000000
662 1587018190 0.400000 -1.000000 -101.000000 0.000000 0.000000
662 1587018191 0.400000 -1.000000 -101.000000 0.000000 0.000000
662 1587018192 0.400000 -1.000000 -101.000000 0.000000 0.000000
662 1587018193 0.400000 -1.000000 -101.000000 0.000000 0.000000
662 1587018194 0.400000 -1.000000 -101.000000 0.000000 0.000000
662 1587018195 1.200000 -1.000000 -101.000000 0.000000 0.000000
662 1587018196 1.200000 -1.000000 -101.000000 0.000000 0.000000
662 1587018197 1.200000 -1.000000 -101.000000 0.000000 0.000000
662 1587018198 1.200000 -1.000000 -101.000000 0.000000 0.000000
662 1587018199 1.200000 -1.000000 -101.000000 0.000000 0.000000
662 1587018200 1.600000 -1.000000 -101.000000 0.000000 0.000000
662 1587018201 1.600000 -1.000000 -101.000000 0.000000 0.000000
662 1587018202 1.600000 -1.000000 -101.000000 0.000000 0.000000
662 1587018203 1.600000 -1.000000 -101.000000 0.000000 0.000000
662 1587018204 1.600000 -1.000000 -101.000000 0.000000 0.000000
662 1587018205 0.600000 -1.000000 -101.000000 0.000000 0.000000
662 1587018206 0.600000 -1.000000 -101.000000 0.000000 0.000000
662 1587018207 0.600000 -1.000000 -101.000000 0.000000 0.000000
662 1587018208 0.600000 -1.000000 -101.000000 0.000000 0.000000
662 1587018209 0.600000 -1.000000 -101.000000 0.000000 0.000000
662 1587018225 0.200000 -1.000000 -101.000000 0.000000 0.000000
662 1587018226 0.200000 -1.000000 -101.000000 0.000000 0.000000
662 1587018227 0.200000 -1.000000 -101.000000 0.000000 0.000000
662 1587018228 0.200000 -1.000000 -101.000000 0.000000 0.000000
662 1587018229 0.200000 -1.000000 -101.000000 0.000000 0.000000
662 1587018235 0.200000 -1.000000 -101.000000 0.000000 0.000000
662 1587018236 0.200000 -1.000000 -101.000000 0.000000 0.000000
662 1587018237 0.200000 -1.000000 -101.000000 0.000000 0.000000
662 1587018238 0.200000 -1.000000 -101.000000 0.000000 0.000000
662 1587018239 0.200000 -1.000000 -101.000000 0.000000 0.000000
662 1587018255 2.400000 -1.000000 -101.000000 0.000000 0.000000
662 1587018256 2.400000 -1.000000 -101.000000 0.000000 0.000000
662 1587018257 2.400000 -1.000000 -101.000000 0.000000 0.000000
662 1587018258 2.400000 -1.000000 -101.000000 0.000000 0.000000
662 1587018259 2.400000 -1.000000 -101.000000 0.000000 0.000000
662 1587018260 0.400000 -1.000000 -101.000000 0.000000 0.000000
662 1587018261 0.400000 -1.000000 -101.000000 0.000000 0.000000
662 1587018262 0.400000 -1.000000 -101.000000 0.000000 0.000000
662 1587018263 0.400000 -1.000000 -101.000000 0.000000 0.000000
662 1587018264 0.400000 -1.000000 -101.000000 0.000000 0.000000
662 1587018285 3.400000 -1.000000 -101.000000 0.000000 0.000000
662 1587018286 3.400000 -1.000000 -101.000000 0.000000 0.000000
662 1587018287 3.400000 -1.000000 -101.000000 0.000000 0.000000
662 1587018288 3.400000 -1.000000 -101.000000 0.000000 0.000000
662 1587018289 3.400000 -1.000000 -101.000000 0.000000 0.000000
662 1587018290 0.800000 -1.000000 -101.000000 0.000000 0.000000
662 1587018291 0.800000 -1.000000 -101.000000 0.000000 0.000000
662 1587018292 0.800000 -1.000000 -101.000000 0.000000 0.000000
662 1587018293 0.800000 -1.000000 -101.000000 0.000000 0.000000
662 1587018294 0.800000 -1.000000 -101.000000 0.000000 0.000000
662 1587018295 0.200000 -1.000000 -101.000000 0.000000 0.000000
662 1587018296 0.200000 -1.000000 -101.000000 0.000000 0.000000
662 1587018297 0.200000 -1.000000 -101.000000 0.000000 0.000000
662 1587018298 0.200000 -1.000000 -101.000000 0.000000 0.000000
662 1587018299 0.200000 -1.000000 -101.000000 0.000000 0.000000
662 1587018315 0.600000 -1.000000 -101.000000 0.000000 0.000000
662 1587018316 0.600000 -1.000000 -101.000000 0.000000 0.000000
662 1587018317 0.600000 -1.000000 -101.000000 0.000000 0.000000
662 1587018318 0.600000 -1.000000 -101.000000 0.000000 0.000000
662 1587018319 0.600000 -1.000000 -101.000000 0.000000 0.000000
662 1587018330 1.400000 -1.000000 -101.000000 0.000000 0.000000
662 1587018331 1.400000 -1.000000 -101.000000 0.000000 0.000000
662 1587018332 1.400000 -1.000000 -101.000000 0.000000 0.000000
662 1587018333 1.400000 -1.000000 -101.000000 0.000000 0.000000
662 1587018334 1.400000 -1.000000 -101.000000 0.000000 0.000000
662 1587018335 0.400000 -1.000000 -101.000000 0.000000 0.000000
662 1587018336 0.400000 -1.000000 -101.000000 0.000000 0.000000
662 1587018337 0.400000 -1.000000 -101.000000 0.000000 0.000000
662 1587018338 0.400000 -1.000000 -101.000000 0.000000 0.000000
662 1587018339 0.400000 -1.000000 -101.000000 0.000000 0.000000
662 1587018340 0.400000 -1.000000 -101.000000 0.000000 0.000000
662 1587018341 0.400000 -1.000000 -101.000000 0.000000 0.000000
662 1587018342 0.400000 -1.000000 -101.000000 0.000000 0.000000
662 1587018343 0.400000 -1.000000 -101.000000 0.000000 0.000000
662 1587018344 0.400000 -1.000000 -101.000000 0.000000 0.000000
662 1587018350 1.400000 -1.000000 -101.000000 0.000000 0.000000
662 1587018351 1.400000 -1.000000 -101.000000 0.000000 0.000000
662 1587018352 1.400000 -1.000000 -101.000000 0.000000 0.000000
662 1587018353 1.400000 -1.000000 -101.000000 0.000000 0.000000
662 1587018354 1.400000 -1.000000 -101.000000 0.000000 0.000000
662 1587018370 8.800000 -1.000000 -101.000000 0.000000 0.000000
662 1587018371 8.800000 -1.000000 -101.000000 0.000000 0.000000
662 1587018372 8.800000 -1.000000 -101.000000 0.000000 0.000000
662 1587018373 8.800000 -1.000000 -101.000000 0.000000 0.000000
662 1587018374 8.800000 -1.000000 -101.000000 0.000000 0.000000
662 1587018390 3.000000 -1.000000 -101.000000 0.000000 0.000000
662 1587018391 3.000000 -1.000000 -101.000000 0.000000 0.000000
662 1587018392 3.000000 -1.000000 -101.000000 0.000000 0.000000
662 1587018393 3.000000 -1.000000 -101.000000 0.000000 0.000000
662 1587018394 3.000000 -1.000000 -101.000000 0.000000 0.000000
662 1587018415 3.400000 -1.000000 -101.000000 0.000000 0.000000
662 1587018416 3.400000 -1.000000 -101.000000 0.000000 0.000000
662 1587018417 3.400000 -1.000000 -101.000000 0.000000 0.000000
662 1587018418 3.400000 -1.000000 -101.000000 0.000000 0.000000
662 1587018419 3.400000 -1.000000 -101.000000 0.000000 0.000000
662 1587018435 3.200000 -1.000000 -101.000000 0.000000 0.000000
662 1587018436 3.200000 -1.000000 -101.000000 0.000000 0.000000
662 1587018437 3.200000 -1.000000 -101.000000 0.000000 0.000000
662 1587018438 3.200000 -1.000000 -101.000000 0.000000 0.000000
662 1587018439 3.200000 -1.000000 -101.000000 0.000000 0.000000
662 1587018455 0.200000 -1.000000 -101.000000 0.000000 0.000000
662 1587018456 0.200000 -1.000000 -101.000000 0.000000 0.000000
662 1587018457 0.200000 -1.000000 -101.000000 0.000000 0.000000
662 1587018458 0.200000 -1.000000 -101.000000 0.000000 0.000000
662 1587018459 0.200000 -1.000000 -101.000000 0.000000 0.000000
662 1587018475 0.200000 -1.000000 -101.000000 0.000000 0.000000
662 1587018476 0.200000 -1.000000 -101.000000 0.000000 0.000000
662 1587018477 0.200000 -1.000000 -101.000000 0.000000 0.000000
662 1587018478 0.200000 -1.000000 -101.000000 0.000000 0.000000
662 1587018479 0.200000 -1.000000 -101.000000 0.000000 0.000000
662 1587018480 1.800000 -1.000000 -101.000000 0.000000 0.000000
662 1587018481 1.800000 -1.000000 -101.000000 0.000000 0.000000
662 1587018482 1.800000 -1.000000 -101.000000 0.000000 0.000000
662 1587018483 1.800000 -1.000000 -101.000000 0.000000 0.000000
662 1587018484 1.800000 -1.000000 -101.000000 0.000000 0.000000
662 1587018500 0.400000 -1.000000 -101.000000 0.000000 0.000000
662 1587018501 0.400000 -1.000000 -101.000000 0.000000 0.000000
662 1587018502 0.400000 -1.000000 -101.000000 0.000000 0.000000
662 1587018503 0.400000 -1.000000 -101.000000 0.000000 0.000000
662 1587018504 0.400000 -1.000000 -101.000000 0.000000 0.000000
662 1587018505 0.200000 -1.000000 -101.000000 0.000000 0.000000
662 1587018506 0.200000 -1.000000 -101.000000 0.000000 0.000000
662 1587018507 0.200000 -1.000000 -101.000000 0.000000 0.000000
662 1587018508 0.200000 -1.000000 -101.000000 0.000000 0.000000
662 1587018509 0.200000 -1.000000 -101.000000 0.000000 0.000000
662 1587018510 0.600000 -1.000000 -101.000000 0.000000 0.000000
662 1587018511 0.600000 -1.000000 -101.000000 0.000000 0.000000
662 1587018512 0.600000 -1.000000 -101.000000 0.000000 0.000000
662 1587018513 0.600000 -1.000000 -101.000000 0.000000 0.000000
662 1587018514 0.600000 -1.000000 -101.000000 0.000000 0.000000
662 1587018535 0.400000 -1.000000 -101.000000 0.000000 0.000000
662 1587018536 0.400000 -1.000000 -101.000000 0.000000 0.000000
662 1587018537 0.400000 -1.000000 -101.000000 0.000000 0.000000
662 1587018538 0.400000 -1.000000 -101.000000 0.000000 0.000000
662 1587018539 0.400000 -1.000000 -101.000000 0.000000 0.000000
662 1587018545 5.000000 -1.000000 -101.000000 0.000000 0.000000
662 1587018546 5.000000 -1.000000 -101.000000 0.000000 0.000000
662 1587018547 5.000000 -1.000000 -101.000000 0.000000 0.000000
662 1587018548 5.000000 -1.000000 -101.000000 0.000000 0.000000
662 1587018549 5.000000 -1.000000 -101.000000 0.000000 0.000000
662 1587018575 0.800000 -1.000000 -101.000000 0.000000 0.000000
662 1587018576 0.800000 -1.000000 -101.000000 0.000000 0.000000
662 1587018577 0.800000 -1.000000 -101.000000 0.000000 0.000000
662 1587018578 0.800000 -1.000000 -101.000000 0.000000 0.000000
662 1587018579 0.800000 -1.000000 -101.000000 0.000000 0.000000
662 1587018585 0.600000 -1.000000 -101.000000 0.000000 0.000000
662 1587018586 0.600000 -1.000000 -101.000000 0.000000 0.000000
662 1587018587 0.600000 -1.000000 -101.000000 0.000000 0.000000
662 1587018588 0.600000 -1.000000 -101.000000 0.000000 0.000000
662 1587018589 0.600000 -1.000000 -101.000000 0.000000 0.000000
662 1587018590 0.600000 -1.000000 -101.000000 0.000000 0.000000
662 1587018591 0.600000 -1.000000 -101.000000 0.000000 0.000000
662 1587018592 0.600000 -1.000000 -101.000000 0.000000 0.000000
662 1587018593 0.600000 -1.000000 -101.000000 0.000000 0.000000
662 1587018594 0.600000 -1.000000 -101.000000 0.000000 0.000000
662 1587018620 0.400000 -1.000000 -101.000000 0.000000 0.000000
662 1587018621 0.400000 -1.000000 -101.000000 0.000000 0.000000
662 1587018622 0.400000 -1.000000 -101.000000 0.000000 0.000000
662 1587018623 0.400000 -1.000000 -101.000000 0.000000 0.000000
662 1587018624 0.400000 -1.000000 -101.000000 0.000000 0.000000
662 1587018630 1.800000 -1.000000 -101.000000 0.000000 0.000000
662 1587018631 1.800000 -1.000000 -101.000000 0.000000 0.000000
662 1587018632 1.800000 -1.000000 -101.000000 0.000000 0.000000
662 1587018633 1.800000 -1.000000 -101.000000 0.000000 0.000000
662 1587018634 1.800000 -1.000000 -101.000000 0.000000 0.000000
662 1587018675 0.600000 -1.000000 -101.000000 0.000000 0.000000
662 1587018676 0.600000 -1.000000 -101.000000 0.000000 0.000000
662 1587018677 0.600000 -1.000000 -101.000000 0.000000 0.000000
662 1587018678 0.600000 -1.000000 -101.000000 0.000000 0.000000
662 1587018679 0.600000 -1.000000 -101.000000 0.000000 0.000000
662 1587018680 0.400000 -1.000000 -101.000000 0.000000 0.000000
662 1587018681 0.400000 -1.000000 -101.000000 0.000000 0.000000
662 1587018682 0.400000 -1.000000 -101.000000 0.000000 0.000000
662 1587018683 0.400000 -1.000000 -101.000000 0.000000 0.000000
662 1587018684 0.400000 -1.000000 -101.000000 0.000000 0.000000
662 1587018705 0.200000 -1.000000 -101.000000 0.000000 0.000000
662 1587018706 0.200000 -1.000000 -101.000000 0.000000 0.000000
662 1587018707 0.200000 -1.000000 -101.000000 0.000000 0.000000
662 1587018708 0.200000 -1.000000 -101.000000 0.000000 0.000000
662 1587018709 0.200000 -1.000000 -101.000000 0.000000 0.000000
662 1587018710 1.600000 -1.000000 -101.000000 0.000000 0.000000
662 1587018711 1.600000 -1.000000 -101.000000 0.000000 0.000000
662 1587018712 1.600000 -1.000000 -101.000000 0.000000 0.000000
662 1587018713 1.600000 -1.000000 -101.000000 0.000000 0.000000
662 1587018714 1.600000 -1.000000 -101.000000 0.000000 0.000000
662 1587018715 0.400000 -1.000000 -101.000000 0.000000 0.000000
662 1587018716 0.400000 -1.000000 -101.000000 0.000000 0.000000
662 1587018717 0.400000 -1.000000 -101.000000 0.000000 0.000000
662 1587018718 0.400000 -1.000000 -101.000000 0.000000 0.000000
662 1587018719 0.400000 -1.000000 -101.000000 0.000000 0.000000
662 1587018720 0.600000 -1.000000 -101.000000 0.000000 0.000000
662 1587018721 0.600000 -1.000000 -101.000000 0.000000 0.000000
662 1587018722 0.600000 -1.000000 -101.000000 0.000000 0.000000
662 1587018723 0.600000 -1.000000 -101.000000 0.000000 0.000000
662 1587018724 0.600000 -1.000000 -101.000000 0.000000 0.000000
662 1587018725 0.600000 -1.000000 -101.000000 0.000000 0.000000
662 1587018726 0.600000 -1.000000 -101.000000 0.000000 0.000000
662 1587018727 0.600000 -1.000000 -101.000000 0.000000 0.000000
662 1587018728 0.600000 -1.000000 -101.000000 0.000000 0.000000
662 1587018729 0.600000 -1.000000 -101.000000 0.000000 0.000000
662 1587018730 0.800000 -1.000000 -101.000000 0.000000 0.000000
662 1587018731 0.800000 -1.000000 -101.000000 0.000000 0.000000
662 1587018732 0.800000 -1.000000 -101.000000 0.000000 0.000000
662 1587018733 0.800000 -1.000000 -101.000000 0.000000 0.000000
662 1587018734 0.800000 -1.000000 -101.000000 0.000000 0.000000
662 1587018740 0.400000 -1.000000 -101.000000 0.000000 0.000000
662 1587018741 0.400000 -1.000000 -101.000000 0.000000 0.000000
662 1587018742 0.400000 -1.000000 -101.000000 0.000000 0.000000
662 1587018743 0.400000 -1.000000 -101.000000 0.000000 0.000000
662 1587018744 0.400000 -1.000000 -101.000000 0.000000 0.000000
662 1587018770 0.200000 -1.000000 -101.000000 0.000000 0.000000
662 1587018771 0.200000 -1.000000 -101.000000 0.000000 0.000000
662 1587018772 0.200000 -1.000000 -101.000000 0.000000 0.000000
662 1587018773 0.200000 -1.000000 -101.000000 0.000000 0.000000
662 1587018774 0.200000 -1.000000 -101.000000 0.000000 0.000000
662 1587018775 0.600000 -1.000000 -101.000000 0.000000 0.000000
662 1587018776 0.600000 -1.000000 -101.000000 0.000000 0.000000
662 1587018777 0.600000 -1.000000 -101.000000 0.000000 0.000000
662 1587018778 0.600000 -1.000000 -101.000000 0.000000 0.000000
662 1587018779 0.600000 -1.000000 -101.000000 0.000000 0.000000
662 1587018800 0.600000 -1.000000 -101.000000 0.000000 0.000000
662 1587018801 0.600000 -1.000000 -101.000000 0.000000 0.000000
662 1587018802 0.600000 -1.000000 -101.000000 0.000000 0.000000
662 1587018803 0.600000 -1.000000 -101.000000 0.000000 0.000000
662 1587018804 0.600000 -1.000000 -101.000000 0.000000 0.000000
662 1587018805 0.200000 -1.000000 -101.000000 0.000000 0.000000
662 1587018806 0.200000 -1.000000 -101.000000 0.000000 0.000000
662 1587018807 0.200000 -1.000000 -101.000000 0.000000 0.000000
662 1587018808 0.200000 -1.000000 -101.000000 0.000000 0.000000
662 1587018809 0.200000 -1.000000 -101.000000 0.000000 0.000000
662 1587018810 1.200000 -1.000000 -101.000000 0.000000 0.000000
662 1587018811 1.200000 -1.000000 -101.000000 0.000000 0.000000
662 1587018812 1.200000 -1.000000 -101.000000 0.000000 0.000000
662 1587018813 1.200000 -1.000000 -101.000000 0.000000 0.000000
662 1587018814 1.200000 -1.000000 -101.000000 0.000000 0.000000
662 1587018815 0.600000 -1.000000 -101.000000 0.000000 0.000000
662 1587018816 0.600000 -1.000000 -101.000000 0.000000 0.000000
662 1587018817 0.600000 -1.000000 -101.000000 0.000000 0.000000
662 1587018818 0.600000 -1.000000 -101.000000 0.000000 0.000000
662 1587018819 0.600000 -1.000000 -101.000000 0.000000 0.000000
662 1587018820 0.400000 -1.000000 -101.000000 0.000000 0.000000
662 1587018821 0.400000 -1.000000 -101.000000 0.000000 0.000000
662 1587018822 0.400000 -1.000000 -101.000000 0.000000 0.000000
662 1587018823 0.400000 -1.000000 -101.000000 0.000000 0.000000
662 1587018824 0.400000 -1.000000 -101.000000 0.000000 0.000000
662 1587018830 0.400000 -1.000000 -101.000000 0.000000 0.000000
662 1587018831 0.400000 -1.000000 -101.000000 0.000000 0.000000
662 1587018832 0.400000 -1.000000 -101.000000 0.000000 0.000000
662 1587018833 0.400000 -1.000000 -101.000000 0.000000 0.000000
662 1587018834 0.400000 -1.000000 -101.000000 0.000000 0.000000
662 1587018835 0.600000 -1.000000 -101.000000 0.000000 0.000000
662 1587018836 0.600000 -1.000000 -101.000000 0.000000 0.000000
662 1587018837 0.600000 -1.000000 -101.000000 0.000000 0.000000
662 1587018838 0.600000 -1.000000 -101.000000 0.000000 0.000000
662 1587018839 0.600000 -1.000000 -101.000000 0.000000 0.000000
662 1587018850 1.200000 -1.000000 -101.000000 0.000000 0.000000
662 1587018851 1.200000 -1.000000 -101.000000 0.000000 0.000000
662 1587018852 1.200000 -1.000000 -101.000000 0.000000 0.000000
662 1587018853 1.200000 -1.000000 -101.000000 0.000000 0.000000
662 1587018854 1.200000 -1.000000 -101.000000 0.000000 0.000000
662 1587018855 0.600000 -1.000000 -101.000000 0.000000 0.000000
662 1587018856 0.600000 -1.000000 -101.000000 0.000000 0.000000
662 1587018857 0.600000 -1.000000 -101.000000 0.000000 0.000000
662 1587018858 0.600000 -1.000000 -101.000000 0.000000 0.000000
662 1587018859 0.600000 -1.000000 -101.000000 0.000000 0.000000
662 1587018860 0.600000 -1.000000 -101.000000 0.000000 0.000000
662 1587018861 0.600000 -1.000000 -101.000000 0.000000 0.000000
662 1587018862 0.600000 -1.000000 -101.000000 0.000000 0.000000
662 1587018863 0.600000 -1.000000 -101.000000 0.000000 0.000000
662 1587018864 0.600000 -1.000000 -101.000000 0.000000 0.000000
662 1587018870 0.200000 -1.000000 -101.000000 0.000000 0.000000
662 1587018871 0.200000 -1.000000 -101.000000 0.000000 0.000000
662 1587018872 0.200000 -1.000000 -101.000000 0.000000 0.000000
662 1587018873 0.200000 -1.000000 -101.000000 0.000000 0.000000
662 1587018874 0.200000 -1.000000 -101.000000 0.000000 0.000000
662 1587018875 0.200000 -1.000000 -101.000000 0.000000 0.000000
662 1587018876 0.200000 -1.000000 -101.000000 0.000000 0.000000
662 1587018877 0.200000 -1.000000 -101.000000 0.000000 0.000000
662 1587018878 0.200000 -1.000000 -101.000000 0.000000 0.000000
662 1587018879 0.200000 -1.000000 -101.000000 0.000000 0.000000
662 1587018880 0.800000 -1.000000 -101.000000 0.000000 0.000000
662 1587018881 0.800000 -1.000000 -101.000000 0.000000 0.000000
662 1587018882 0.800000 -1.000000 -101.000000 0.000000 0.000000
662 1587018883 0.800000 -1.000000 -101.000000 0.000000 0.000000
662 1587018884 0.800000 -1.000000 -101.000000 0.000000 0.000000
662 1587018890 1.200000 -1.000000 -101.000000 0.000000 0.000000
662 1587018891 1.200000 -1.000000 -101.000000 0.000000 0.000000
662 1587018892 1.200000 -1.000000 -101.000000 0.000000 0.000000
662 1587018893 1.200000 -1.000000 -101.000000 0.000000 0.000000
662 1587018894 1.200000 -1.000000 -101.000000 0.000000 0.000000
662 1587018895 0.600000 -1.000000 -101.000000 0.000000 0.000000
662 1587018896 0.600000 -1.000000 -101.000000 0.000000 0.000000
662 1587018897 0.600000 -1.000000 -101.000000 0.000000 0.000000
662 1587018898 0.600000 -1.000000 -101.000000 0.000000 0.000000
662 1587018899 0.600000 -1.000000 -101.000000 0.000000 0.000000
662 1587018910 0.400000 -1.000000 -101.000000 0.000000 0.000000
662 1587018911 0.400000 -1.000000 -101.000000 0.000000 0.000000
662 1587018912 0.400000 -1.000000 -101.000000 0.000000 0.000000
662 1587018913 0.400000 -1.000000 -101.000000 0.000000 0.000000
662 1587018914 0.400000 -1.000000 -101.000000 0.000000 0.000000
662 1587018915 0.400000 -1.000000 -101.000000 0.000000 0.000000
662 1587018916 0.400000 -1.000000 -101.000000 0.000000 0.000000
662 1587018917 0.400000 -1.000000 -101.000000 0.000000 0.000000
662 1587018918 0.400000 -1.000000 -101.000000 0.000000 0.000000
662 1587018919 0.400000 -1.000000 -101.000000 0.000000 0.000000
662 1587018920 0.200000 -1.000000 -101.000000 0.000000 0.000000
662 1587018921 0.200000 -1.000000 -101.000000 0.000000 0.000000
662 1587018922 0.200000 -1.000000 -101.000000 0.000000 0.000000
662 1587018923 0.200000 -1.000000 -101.000000 0.000000 0.000000
662 1587018924 0.200000 -1.000000 -101.000000 0.000000 0.000000
662 1587018925 1.000000 -1.000000 -101.000000 0.000000 0.000000
662 1587018926 1.000000 -1.000000 -101.000000 0.000000 0.000000
662 1587018927 1.000000 -1.000000 -101.000000 0.000000 0.000000
662 1587018928 1.000000 -1.000000 -101.000000 0.000000 0.000000
662 1587018929 1.000000 -1.000000 -101.000000 0.000000 0.000000
662 1587018935 0.200000 -1.000000 -101.000000 0.000000 0.000000
662 1587018936 0.200000 -1.000000 -101.000000 0.000000 0.000000
662 1587018937 0.200000 -1.000000 -101.000000 0.000000 0.000000
662 1587018938 0.200000 -1.000000 -101.000000 0.000000 0.000000
662 1587018939 0.200000 -1.000000 -101.000000 0.000000 0.000000
662 1587018950 1.000000 -1.000000 -101.000000 0.000000 0.000000
662 1587018951 1.000000 -1.000000 -101.000000 0.000000 0.000000
662 1587018952 1.000000 -1.000000 -101.000000 0.000000 0.000000
662 1587018953 1.000000 -1.000000 -101.000000 0.000000 0.000000
662 1587018954 1.000000 -1.000000 -101.000000 0.000000 0.000000
662 1587018960 0.400000 -1.000000 -101.000000 0.000000 0.000000
662 1587018961 0.400000 -1.000000 -101.000000 0.000000 0.000000
662 1587018962 0.400000 -1.000000 -101.000000 0.000000 0.000000
662 1587018963 0.400000 -1.000000 -101.000000 0.000000 0.000000
662 1587018964 0.400000 -1.000000 -101.000000 0.000000 0.000000
662 1587018970 0.800000 -1.000000 -101.000000 0.000000 0.000000
662 1587018971 0.800000 -1.000000 -101.000000 0.000000 0.000000
662 1587018972 0.800000 -1.000000 -101.000000 0.000000 0.000000
662 1587018973 0.800000 -1.000000 -101.000000 0.000000 0.000000
662 1587018974 0.800000 -1.000000 -101.000000 0.000000 0.000000
662 1587018975 0.600000 -1.000000 -101.000000 0.000000 0.000000
662 1587018976 0.600000 -1.000000 -101.000000 0.000000 0.000000
662 1587018977 0.600000 -1.000000 -101.000000 0.000000 0.000000
662 1587018978 0.600000 -1.000000 -101.000000 0.000000 0.000000
662 1587018979 0.600000 -1.000000 -101.000000 0.000000 0.000000
662 1587018980 0.200000 -1.000000 -101.000000 0.000000 0.000000
662 1587018981 0.200000 -1.000000 -101.000000 0.000000 0.000000
662 1587018982 0.200000 -1.000000 -101.000000 0.000000 0.000000
662 1587018983 0.200000 -1.000000 -101.000000 0.000000 0.000000
662 1587018984 0.200000 -1.000000 -101.000000 0.000000 0.000000
662 1587018990 2.000000 -1.000000 -101.000000 0.000000 0.000000
662 1587018991 2.000000 -1.000000 -101.000000 0.000000 0.000000
662 1587018992 2.000000 -1.000000 -101.000000 0.000000 0.000000
662 1587018993 2.000000 -1.000000 -101.000000 0.000000 0.000000
662 1587018994 2.000000 -1.000000 -101.000000 0.000000 0.000000
662 1587019000 0.200000 -1.000000 -101.000000 0.000000 0.000000
662 1587019001 0.200000 -1.000000 -101.000000 0.000000 0.000000
662 1587019002 0.200000 -1.000000 -101.000000 0.000000 0.000000
662 1587019003 0.200000 -1.000000 -101.000000 0.000000 0.000000
662 1587019004 0.200000 -1.000000 -101.000000 0.000000 0.000000
662 1587019010 1.000000 -1.000000 -101.000000 0.000000 0.000000
662 1587019011 1.000000 -1.000000 -101.000000 0.000000 0.000000
662 1587019012 1.000000 -1.000000 -101.000000 0.000000 0.000000
662 1587019013 1.000000 -1.000000 -101.000000 0.000000 0.000000
662 1587019014 1.000000 -1.000000 -101.000000 0.000000 0.000000
662 1587019015 0.400000 -1.000000 -101.000000 0.000000 0.000000
662 1587019016 0.400000 -1.000000 -101.000000 0.000000 0.000000
662 1587019017 0.400000 -1.000000 -101.000000 0.000000 0.000000
662 1587019018 0.400000 -1.000000 -101.000000 0.000000 0.000000
662 1587019019 0.400000 -1.000000 -101.000000 0.000000 0.000000
662 1587019020 0.200000 -1.000000 -101.000000 0.000000 0.000000
662 1587019021 0.200000 -1.000000 -101.000000 0.000000 0.000000
662 1587019022 0.200000 -1.000000 -101.000000 0.000000 0.000000
662 1587019023 0.200000 -1.000000 -101.000000 0.000000 0.000000
662 1587019024 0.200000 -1.000000 -101.000000 0.000000 0.000000
662 1587019025 0.600000 -1.000000 -101.000000 0.000000 0.000000
662 1587019026 0.600000 -1.000000 -101.000000 0.000000 0.000000
662 1587019027 0.600000 -1.000000 -101.000000 0.000000 0.000000
662 1587019028 0.600000 -1.000000 -101.000000 0.000000 0.000000
662 1587019029 0.600000 -1.000000 -101.000000 0.000000 0.000000
662 1587019035 0.200000 -1.000000 -101.000000 0.000000 0.000000
662 1587019036 0.200000 -1.000000 -101.000000 0.000000 0.000000
662 1587019037 0.200000 -1.000000 -101.000000 0.000000 0.000000
662 1587019038 0.200000 -1.000000 -101.000000 0.000000 0.000000
662 1587019039 0.200000 -1.000000 -101.000000 0.000000 0.000000
662 1587019050 0.200000 -1.000000 -101.000000 0.000000 0.000000
662 1587019051 0.200000 -1.000000 -101.000000 0.000000 0.000000
662 1587019052 0.200000 -1.000000 -101.000000 0.000000 0.000000
662 1587019053 0.200000 -1.000000 -101.000000 0.000000 0.000000
662 1587019054 0.200000 -1.000000 -101.000000 0.000000 0.000000
662 1587019055 0.600000 -1.000000 -101.000000 0.000000 0.000000
662 1587019056 0.600000 -1.000000 -101.000000 0.000000 0.000000
662 1587019057 0.600000 -1.000000 -101.000000 0.000000 0.000000
662 1587019058 0.600000 -1.000000 -101.000000 0.000000 0.000000
662 1587019059 0.600000 -1.000000 -101.000000 0.000000 0.000000
662 1587019060 0.200000 -1.000000 -101.000000 0.000000 0.000000
662 1587019061 0.200000 -1.000000 -101.000000 0.000000 0.000000
662 1587019062 0.200000 -1.000000 -101.000000 0.000000 0.000000
662 1587019063 0.200000 -1.000000 -101.000000 0.000000 0.000000
662 1587019064 0.200000 -1.000000 -101.000000 0.000000 0.000000
662 1587019070 0.400000 -1.000000 -101.000000 0.000000 0.000000
662 1587019071 0.400000 -1.000000 -101.000000 0.000000 0.000000
662 1587019072 0.400000 -1.000000 -101.000000 0.000000 0.000000
662 1587019073 0.400000 -1.000000 -101.000000 0.000000 0.000000
662 1587019074 0.400000 -1.000000 -101.000000 0.000000 0.000000
662 1587019075 0.200000 -1.000000 -101.000000 0.000000 0.000000
662 1587019076 0.200000 -1.000000 -101.000000 0.000000 0.000000
662 1587019077 0.200000 -1.000000 -101.000000 0.000000 0.000000
662 1587019078 0.200000 -1.000000 -101.000000 0.000000 0.000000
662 1587019079 0.200000 -1.000000 -101.000000 0.000000 0.000000
662 1587019090 0.600000 -1.000000 -101.000000 0.000000 0.000000
662 1587019091 0.600000 -1.000000 -101.000000 0.000000 0.000000
662 1587019092 0.600000 -1.000000 -101.000000 0.000000 0.000000
662 1587019093 0.600000 -1.000000 -101.000000 0.000000 0.000000
662 1587019094 0.600000 -1.000000 -101.000000 0.000000 0.000000
662 1587019095 0.200000 -1.000000 -101.000000 0.000000 0.000000
662 1587019096 0.200000 -1.000000 -101.000000 0.000000 0.000000
662 1587019097 0.200000 -1.000000 -101.000000 0.000000 0.000000
662 1587019098 0.200000 -1.000000 -101.000000 0.000000 0.000000
662 1587019099 0.200000 -1.000000 -101.000000 0.000000 0.000000
662 1587019100 0.200000 -1.000000 -101.000000 0.000000 0.000000
662 1587019101 0.200000 -1.000000 -101.000000 0.000000 0.000000
662 1587019102 0.200000 -1.000000 -101.000000 0.000000 0.000000
662 1587019103 0.200000 -1.000000 -101.000000 0.000000 0.000000
662 1587019104 0.200000 -1.000000 -101.000000 0.000000 0.000000
662 1587019105 0.200000 -1.000000 -101.000000 0.000000 0.000000
662 1587019106 0.200000 -1.000000 -101.000000 0.000000 0.000000
662 1587019107 0.200000 -1.000000 -101.000000 0.000000 0.000000
662 1587019108 0.200000 -1.000000 -101.000000 0.000000 0.000000
662 1587019109 0.200000 -1.000000 -101.000000 0.000000 0.000000
662 1587019110 0.400000 -1.000000 -101.000000 0.000000 0.000000
662 1587019111 0.400000 -1.000000 -101.000000 0.000000 0.000000
662 1587019112 0.400000 -1.000000 -101.000000 0.000000 0.000000
662 1587019113 0.400000 -1.000000 -101.000000 0.000000 0.000000
662 1587019114 0.400000 -1.000000 -101.000000 0.000000 0.000000
662 1587019115 0.200000 -1.000000 -101.000000 0.000000 0.000000
662 1587019116 0.200000 -1.000000 -101.000000 0.000000 0.000000
662 1587019117 0.200000 -1.000000 -101.000000 0.000000 0.000000
662 1587019118 0.200000 -1.000000 -101.000000 0.000000 0.000000
662 1587019119 0.200000 -1.000000 -101.000000 0.000000 0.000000
662 1587019120 1.000000 -1.000000 -101.000000 0.000000 0.000000
662 1587019121 1.000000 -1.000000 -101.000000 0.000000 0.000000
662 1587019122 1.000000 -1.000000 -101.000000 0.000000 0.000000
662 1587019123 1.000000 -1.000000 -101.000000 0.000000 0.000000
662 1587019124 1.000000 -1.000000 -101.000000 0.000000 0.000000
662 1587019130 0.800000 -1.000000 -101.000000 0.000000 0.000000
662 1587019131 0.800000 -1.000000 -101.000000 0.000000 0.000000
662 1587019132 0.800000 -1.000000 -101.000000 0.000000 0.000000
662 1587019133 0.800000 -1.000000 -101.000000 0.000000 0.000000
662 1587019134 0.800000 -1.000000 -101.000000 0.000000 0.000000
662 1587019135 0.200000 -1.000000 -101.000000 0.000000 0.000000
662 1587019136 0.200000 -1.000000 -101.000000 0.000000 0.000000
662 1587019137 0.200000 -1.000000 -101.000000 0.000000 0.000000
662 1587019138 0.200000 -1.000000 -101.000000 0.000000 0.000000
662 1587019139 0.200000 -1.000000 -101.000000 0.000000 0.000000
662 1587019140 0.200000 -1.000000 -101.000000 0.000000 0.000000
662 1587019141 0.200000 -1.000000 -101.000000 0.000000 0.000000
662 1587019142 0.200000 -1.000000 -101.000000 0.000000 0.000000
662 1587019143 0.200000 -1.000000 -101.000000 0.000000 0.000000
662 1587019144 0.200000 -1.000000 -101.000000 0.000000 0.000000
662 1587019155 0.200000 -1.000000 -101.000000 0.000000 0.000000
662 1587019156 0.200000 -1.000000 -101.000000 0.000000 0.000000
662 1587019157 0.200000 -1.000000 -101.000000 0.000000 0.000000
662 1587019158 0.200000 -1.000000 -101.000000 0.000000 0.000000
662 1587019159 0.200000 -1.000000 -101.000000 0.000000 0.000000
662 1587019160 0.400000 -1.000000 -101.000000 0.000000 0.000000
662 1587019161 0.400000 -1.000000 -101.000000 0.000000 0.000000
662 1587019162 0.400000 -1.000000 -101.000000 0.000000 0.000000
662 1587019163 0.400000 -1.000000 -101.000000 0.000000 0.000000
662 1587019164 0.400000 -1.000000 -101.000000 0.000000 0.000000
662 1587019165 0.200000 -1.000000 -101.000000 0.000000 0.000000
662 1587019166 0.200000 -1.000000 -101.000000 0.000000 0.000000
662 1587019167 0.200000 -1.000000 -101.000000 0.000000 0.000000
662 1587019168 0.200000 -1.000000 -101.000000 0.000000 0.000000
662 1587019169 0.200000 -1.000000 -101.000000 0.000000 0.000000
662 1587019170 0.600000 -1.000000 -101.000000 0.000000 0.000000
662 1587019171 0.600000 -1.000000 -101.000000 0.000000 0.000000
662 1587019172 0.600000 -1.000000 -101.000000 0.000000 0.000000
662 1587019173 0.600000 -1.000000 -101.000000 0.000000 0.000000
662 1587019174 0.600000 -1.000000 -101.000000 0.000000 0.000000
662 1587019175 0.800000 -1.000000 -101.000000 0.000000 0.000000
662 1587019176 0.800000 -1.000000 -101.000000 0.000000 0.000000
662 1587019177 0.800000 -1.000000 -101.000000 0.000000 0.000000
662 1587019178 0.800000 -1.000000 -101.000000 0.000000 0.000000
662 1587019179 0.800000 -1.000000 -101.000000 0.000000 0.000000
662 1587019180 0.400000 -1.000000 -101.000000 0.000000 0.000000
662 1587019181 0.400000 -1.000000 -101.000000 0.000000 0.000000
662 1587019182 0.400000 -1.000000 -101.000000 0.000000 0.000000
662 1587019183 0.400000 -1.000000 -101.000000 0.000000 0.000000
662 1587019184 0.400000 -1.000000 -101.000000 0.000000 0.000000
662 1587019190 0.600000 -1.000000 -101.000000 0.000000 0.000000
662 1587019191 0.600000 -1.000000 -101.000000 0.000000 0.000000
662 1587019192 0.600000 -1.000000 -101.000000 0.000000 0.000000
662 1587019193 0.600000 -1.000000 -101.000000 0.000000 0.000000
662 1587019194 0.600000 -1.000000 -101.000000 0.000000 0.000000
662 1587019195 0.400000 -1.000000 -101.000000 0.000000 0.000000
662 1587019196 0.400000 -1.000000 -101.000000 0.000000 0.000000
662 1587019197 0.400000 -1.000000 -101.000000 0.000000 0.000000
662 1587019198 0.400000 -1.000000 -101.000000 0.000000 0.000000
662 1587019199 0.400000 -1.000000 -101.000000 0.000000 0.000000
662 1587019200 0.600000 -1.000000 -101.000000 0.000000 0.000000
662 1587019201 0.600000 -1.000000 -101.000000 0.000000 0.000000
662 1587019202 0.600000 -1.000000 -101.000000 0.000000 0.000000
662 1587019203 0.600000 -1.000000 -101.000000 0.000000 0.000000
662 1587019204 0.600000 -1.000000 -101.000000 0.000000 0.000000
662 1587019215 0.200000 -1.000000 -101.000000 0.000000 0.000000
662 1587019216 0.200000 -1.000000 -101.000000 0.000000 0.000000
662 1587019217 0.200000 -1.000000 -101.000000 0.000000 0.000000
662 1587019218 0.200000 -1.000000 -101.000000 0.000000 0.000000
662 1587019219 0.200000 -1.000000 -101.000000 0.000000 0.000000
662 1587019220 0.200000 -1.000000 -101.000000 0.000000 0.000000
662 1587019221 0.200000 -1.000000 -101.000000 0.000000 0.000000
662 1587019222 0.200000 -1.000000 -101.000000 0.000000 0.000000
662 1587019223 0.200000 -1.000000 -101.000000 0.000000 0.000000
662 1587019224 0.200000 -1.000000 -101.000000 0.000000 0.000000
662 1587019240 0.400000 -1.000000 -101.000000 0.000000 0.000000
662 1587019241 0.400000 -1.000000 -101.000000 0.000000 0.000000
662 1587019242 0.400000 -1.000000 -101.000000 0.000000 0.000000
662 1587019243 0.400000 -1.000000 -101.000000 0.000000 0.000000
662 1587019244 0.400000 -1.000000 -101.000000 0.000000 0.000000
662 1587019255 0.400000 -1.000000 -101.000000 0.000000 0.000000
662 1587019256 0.400000 -1.000000 -101.000000 0.000000 0.000000
662 1587019257 0.400000 -1.000000 -101.000000 0.000000 0.000000
662 1587019258 0.400000 -1.000000 -101.000000 0.000000 0.000000
662 1587019259 0.400000 -1.000000 -101.000000 0.000000 0.000000
662 1587019275 0.200000 -1.000000 -101.000000 0.000000 0.000000
662 1587019276 0.200000 -1.000000 -101.000000 0.000000 0.000000
662 1587019277 0.200000 -1.000000 -101.000000 0.000000 0.000000
662 1587019278 0.200000 -1.000000 -101.000000 0.000000 0.000000
662 1587019279 0.200000 -1.000000 -101.000000 0.000000 0.000000
662 1587019335 0.400000 -1.000000 -101.000000 0.000000 0.000000
662 1587019336 0.400000 -1.000000 -101.000000 0.000000 0.000000
662 1587019337 0.400000 -1.000000 -101.000000 0.000000 0.000000
662 1587019338 0.400000 -1.000000 -101.000000 0.000000 0.000000
662 1587019339 0.400000 -1.000000 -101.000000 0.000000 0.000000
662 1587019340 0.200000 -1.000000 -101.000000 0.000000 0.000000
662 1587019341 0.200000 -1.000000 -101.000000 0.000000 0.000000
662 1587019342 0.200000 -1.000000 -101.000000 0.000000 0.000000
662 1587019343 0.200000 -1.000000 -101.000000 0.000000 0.000000
662 1587019344 0.200000 -1.000000 -101.000000 0.000000 0.000000
662 1587019355 0.400000 -1.000000 -101.000000 0.000000 0.000000
662 1587019356 0.400000 -1.000000 -101.000000 0.000000 0.000000
662 1587019357 0.400000 -1.000000 -101.000000 0.000000 0.000000
662 1587019358 0.400000 -1.000000 -101.000000 0.000000 0.000000
662 1587019359 0.400000 -1.000000 -101.000000 0.000000 0.000000
662 1587019360 0.200000 -1.000000 -101.000000 0.000000 0.000000
662 1587019361 0.200000 -1.000000 -101.000000 0.000000 0.000000
662 1587019362 0.200000 -1.000000 -101.000000 0.000000 0.000000
662 1587019363 0.200000 -1.000000 -101.000000 0.000000 0.000000
662 1587019364 0.200000 -1.000000 -101.000000 0.000000 0.000000
662 1587019375 0.200000 -1.000000 -101.000000 0.000000 0.000000
662 1587019376 0.200000 -1.000000 -101.000000 0.000000 0.000000
662 1587019377 0.200000 -1.000000 -101.000000 0.000000 0.000000
662 1587019378 0.200000 -1.000000 -101.000000 0.000000 0.000000
662 1587019379 0.200000 -1.000000 -101.000000 0.000000 0.000000
662 1587019395 0.600000 -1.000000 -101.000000 0.000000 0.000000
662 1587019396 0.600000 -1.000000 -101.000000 0.000000 0.000000
662 1587019397 0.600000 -1.000000 -101.000000 0.000000 0.000000
662 1587019398 0.600000 -1.000000 -101.000000 0.000000 0.000000
662 1587019399 0.600000 -1.000000 -101.000000 0.000000 0.000000
662 1587019415 0.800000 -1.000000 -101.000000 0.000000 0.000000
662 1587019416 0.800000 -1.000000 -101.000000 0.000000 0.000000
662 1587019417 0.800000 -1.000000 -101.000000 0.000000 0.000000
662 1587019418 0.800000 -1.000000 -101.000000 0.000000 0.000000
662 1587019419 0.800000 -1.000000 -101.000000 0.000000 0.000000
662 1587019425 0.200000 -1.000000 -101.000000 0.000000 0.000000
662 1587019426 0.200000 -1.000000 -101.000000 0.000000 0.000000
662 1587019427 0.200000 -1.000000 -101.000000 0.000000 0.000000
662 1587019428 0.200000 -1.000000 -101.000000 0.000000 0.000000
662 1587019429 0.200000 -1.000000 -101.000000 0.000000 0.000000
662 1587019435 0.800000 -1.000000 -101.000000 0.000000 0.000000
662 1587019436 0.800000 -1.000000 -101.000000 0.000000 0.000000
662 1587019437 0.800000 -1.000000 -101.000000 0.000000 0.000000
662 1587019438 0.800000 -1.000000 -101.000000 0.000000 0.000000
662 1587019439 0.800000 -1.000000 -101.000000 0.000000 0.000000
662 1587019445 0.400000 -1.000000 -101.000000 0.000000 0.000000
662 1587019446 0.400000 -1.000000 -101.000000 0.000000 0.000000
662 1587019447 0.400000 -1.000000 -101.000000 0.000000 0.000000
662 1587019448 0.400000 -1.000000 -101.000000 0.000000 0.000000
662 1587019449 0.400000 -1.000000 -101.000000 0.000000 0.000000
662 1587019465 0.400000 -1.000000 -101.000000 0.000000 0.000000
662 1587019466 0.400000 -1.000000 -101.000000 0.000000 0.000000
662 1587019467 0.400000 -1.000000 -101.000000 0.000000 0.000000
662 1587019468 0.400000 -1.000000 -101.000000 0.000000 0.000000
662 1587019469 0.400000 -1.000000 -101.000000 0.000000 0.000000
662 1587019500 0.200000 -1.000000 -101.000000 0.000000 0.000000
662 1587019501 0.200000 -1.000000 -101.000000 0.000000 0.000000
662 1587019502 0.200000 -1.000000 -101.000000 0.000000 0.000000
662 1587019503 0.200000 -1.000000 -101.000000 0.000000 0.000000
662 1587019504 0.200000 -1.000000 -101.000000 0.000000 0.000000
662 1587019535 0.200000 -1.000000 -101.000000 0.000000 0.000000
662 1587019536 0.200000 -1.000000 -101.000000 0.000000 0.000000
662 1587019537 0.200000 -1.000000 -101.000000 0.000000 0.000000
662 1587019538 0.200000 -1.000000 -101.000000 0.000000 0.000000
662 1587019539 0.200000 -1.000000 -101.000000 0.000000 0.000000
662 1587019540 0.400000 -1.000000 -101.000000 0.000000 0.000000
662 1587019541 0.400000 -1.000000 -101.000000 0.000000 0.000000
662 1587019542 0.400000 -1.000000 -101.000000 0.000000 0.000000
662 1587019543 0.400000 -1.000000 -101.000000 0.000000 0.000000
662 1587019544 0.400000 -1.000000 -101.000000 0.000000 0.000000
662 1587019565 0.200000 -1.000000 -101.000000 0.000000 0.000000
662 1587019566 0.200000 -1.000000 -101.000000 0.000000 0.000000
662 1587019567 0.200000 -1.000000 -101.000000 0.000000 0.000000
662 1587019568 0.200000 -1.000000 -101.000000 0.000000 0.000000
662 1587019569 0.200000 -1.000000 -101.000000 0.000000 0.000000
662 1587019600 0.200000 -1.000000 -101.000000 0.000000 0.000000
662 1587019601 0.200000 -1.000000 -101.000000 0.000000 0.000000
662 1587019602 0.200000 -1.000000 -101.000000 0.000000 0.000000
662 1587019603 0.200000 -1.000000 -101.000000 0.000000 0.000000
662 1587019604 0.200000 -1.000000 -101.000000 0.000000 0.000000
662 1587019620 0.400000 -1.000000 -101.000000 0.000000 0.000000
662 1587019621 0.400000 -1.000000 -101.000000 0.000000 0.000000
662 1587019622 0.400000 -1.000000 -101.000000 0.000000 0.000000
662 1587019623 0.400000 -1.000000 -101.000000 0.000000 0.000000
662 1587019624 0.400000 -1.000000 -101.000000 0.000000 0.000000
662 1587019764 0.400000 -1.000000 0.400000 0.400000 0.032000
662 1587019763 0.400000 -1.000000 0.400000 0.400000 0.032000
662 1587019762 0.400000 -1.000000 0.400000 0.400000 0.032000
662 1587019761 0.400000 -1.000000 0.400000 0.400000 0.032000
662 1587019760 0.400000 -1.000000 0.400000 0.400000 0.032000
