17 1588918208 10.000000 -1.000000 -101.000000 0.000000 0.000000
17 1588918209 10.000000 -1.000000 -101.000000 0.000000 0.000000
17 1588918210 10.000000 -1.000000 -101.000000 0.000000 0.000000
17 1588918211 10.000000 -1.000000 -101.000000 0.000000 0.000000
17 1588918212 10.000000 -1.000000 -101.000000 0.000000 0.000000
17 1588918228 10.000000 -1.000000 -101.000000 0.000000 0.000000
17 1588918229 10.000000 -1.000000 -101.000000 0.000000 0.000000
17 1588918230 10.000000 -1.000000 -101.000000 0.000000 0.000000
17 1588918231 10.000000 -1.000000 -101.000000 0.000000 0.000000
17 1588918232 10.000000 -1.000000 -101.000000 0.000000 0.000000
17 1588918233 10.000000 -1.000000 -101.000000 0.000000 0.000000
17 1588918234 10.000000 -1.000000 -101.000000 0.000000 0.000000
17 1588918235 10.000000 -1.000000 -101.000000 0.000000 0.000000
17 1588918236 10.000000 -1.000000 -101.000000 0.000000 0.000000
17 1588918237 10.000000 -1.000000 -101.000000 0.000000 0.000000
34 1588918228 10.000000 -1.000000 -101.000000 0.000000 0.000000
34 1588918229 10.000000 -1.000000 -101.000000 0.000000 0.000000
34 1588918230 10.000000 -1.000000 -101.000000 0.000000 0.000000
34 1588918231 10.000000 -1.000000 -101.000000 0.000000 0.000000
34 1588918232 10.000000 -1.000000 -101.000000 0.000000 0.000000
34 1588918233 10.000000 -1.000000 -101.000000 0.000000 0.000000
34 1588918234 10.000000 -1.000000 -101.000000 0.000000 0.000000
34 1588918235 10.000000 -1.000000 -101.000000 0.000000 0.000000
34 1588918236 10.000000 -1.000000 -101.000000 0.000000 0.000000
34 1588918237 10.000000 -1.000000 -101.000000 0.000000 0.000000
17 1588918248 2.400000 -1.000000 -101.000000 0.000000 0.000000
17 1588918249 2.400000 -1.000000 -101.000000 0.000000 0.000000
17 1588918250 2.400000 -1.000000 -101.000000 0.000000 0.000000
17 1588918251 2.400000 -1.000000 -101.000000 0.000000 0.000000
17 1588918252 2.400000 -1.000000 -101.000000 0.000000 0.000000
17 1588918253 10.000000 -1.000000 -101.000000 0.000000 0.000000
17 1588918254 10.000000 -1.000000 -101.000000 0.000000 0.000000
17 1588918255 10.000000 -1.000000 -101.000000 0.000000 0.000000
17 1588918256 10.000000 -1.000000 -101.000000 0.000000 0.000000
17 1588918257 10.000000 -1.000000 -101.000000 0.000000 0.000000
17 1588918258 7.600000 -1.000000 -101.000000 0.000000 0.000000
17 1588918259 7.600000 -1.000000 -101.000000 0.000000 0.000000
17 1588918260 7.600000 -1.000000 -101.000000 0.000000 0.000000
34 1588918248 2.400000 -1.000000 -101.000000 0.000000 0.000000
34 1588918249 2.400000 -1.000000 -101.000000 0.000000 0.000000
34 1588918250 2.400000 -1.000000 -101.000000 0.000000 0.000000
34 1588918251 2.400000 -1.000000 -101.000000 0.000000 0.000000
34 1588918252 2.400000 -1.000000 -101.000000 0.000000 0.000000
34 1588918253 10.000000 -1.000000 -101.000000 0.000000 0.000000
34 1588918254 10.000000 -1.000000 -101.000000 0.000000 0.000000
34 1588918255 10.000000 -1.000000 -101.000000 0.000000 0.000000
34 1588918256 10.000000 -1.000000 -101.000000 0.000000 0.000000
34 1588918257 10.000000 -1.000000 -101.000000 0.000000 0.000000
34 1588918258 7.600000 -1.000000 -101.000000 0.000000 0.000000
34 1588918259 7.600000 -1.000000 -101.000000 0.000000 0.000000
34 1588918260 7.600000 -1.000000 -101.000000 0.000000 0.000000
17 1588918261 7.600000 -1.000000 -101.000000 0.000000 0.000000
17 1588918262 7.600000 -1.000000 -101.000000 0.000000 0.000000
34 1588918261 7.600000 -1.000000 -101.000000 0.000000 0.000000
34 1588918262 7.600000 -1.000000 -101.000000 0.000000 0.000000
17 1588918273 10.000000 -1.000000 -101.000000 0.000000 0.000000
17 1588918274 10.000000 -1.000000 -101.000000 0.000000 0.000000
17 1588918275 10.000000 -1.000000 -101.000000 0.000000 0.000000
17 1588918276 10.000000 -1.000000 -101.000000 0.000000 0.000000
17 1588918277 10.000000 -1.000000 -101.000000 0.000000 0.000000
17 1588918278 10.000000 -1.000000 -101.000000 0.000000 0.000000
17 1588918279 10.000000 -1.000000 -101.000000 0.000000 0.000000
17 1588918280 10.000000 -1.000000 -101.000000 0.000000 0.000000
17 1588918281 10.000000 -1.000000 -101.000000 0.000000 0.000000
17 1588918282 10.000000 -1.000000 -101.000000 0.000000 0.000000
34 1588918273 10.000000 -1.000000 -101.000000 0.000000 0.000000
34 1588918274 10.000000 -1.000000 -101.000000 0.000000 0.000000
34 1588918275 10.000000 -1.000000 -101.000000 0.000000 0.000000
34 1588918276 10.000000 -1.000000 -101.000000 0.000000 0.000000
34 1588918277 10.000000 -1.000000 -101.000000 0.000000 0.000000
34 1588918278 10.000000 -1.000000 -101.000000 0.000000 0.000000
34 1588918279 10.000000 -1.000000 -101.000000 0.000000 0.000000
34 1588918280 10.000000 -1.000000 -101.000000 0.000000 0.000000
34 1588918281 10.000000 -1.000000 -101.000000 0.000000 0.000000
34 1588918282 10.000000 -1.000000 -101.000000 0.000000 0.000000
17 1588918298 10.000000 -1.000000 -101.000000 0.000000 0.000000
17 1588918299 10.000000 -1.000000 -101.000000 0.000000 0.000000
17 1588918300 10.000000 -1.000000 -101.000000 0.000000 0.000000
17 1588918301 10.000000 -1.000000 -101.000000 0.000000 0.000000
17 1588918302 10.000000 -1.000000 -101.000000 0.000000 0.000000
17 1588918303 10.000000 -1.000000 -101.000000 0.000000 0.000000
17 1588918304 10.000000 -1.000000 -101.000000 0.000000 0.000000
17 1588918305 10.000000 -1.000000 -101.000000 0.000000 0.000000
34 1588918298 10.000000 -1.000000 -101.000000 0.000000 0.000000
34 1588918299 10.000000 -1.000000 -101.000000 0.000000 0.000000
34 1588918300 10.000000 -1.000000 -101.000000 0.000000 0.000000
34 1588918301 10.000000 -1.000000 -101.000000 0.000000 0.000000
34 1588918302 10.000000 -1.000000 -101.000000 0.000000 0.000000
34 1588918303 10.000000 -1.000000 -101.000000 0.000000 0.000000
34 1588918304 10.000000 -1.000000 -101.000000 0.000000 0.000000
34 1588918305 10.000000 -1.000000 -101.000000 0.000000 0.000000
17 1588918306 10.000000 -1.000000 -101.000000 0.000000 0.000000
17 1588918307 10.000000 -1.000000 -101.000000 0.000000 0.000000
34 1588918306 10.000000 -1.000000 -101.000000 0.000000 0.000000
34 1588918307 10.000000 -1.000000 -101.000000 0.000000 0.000000
17 1588918318 5.600000 -1.000000 -101.000000 0.000000 0.000000
17 1588918319 5.600000 -1.000000 -101.000000 0.000000 0.000000
17 1588918320 5.600000 -1.000000 -101.000000 0.000000 0.000000
17 1588918321 5.600000 -1.000000 -101.000000 0.000000 0.000000
17 1588918322 5.600000 -1.000000 -101.000000 0.000000 0.000000
17 1588918323 10.000000 -1.000000 -101.000000 0.000000 0.000000
17 1588918324 10.000000 -1.000000 -101.000000 0.000000 0.000000
17 1588918325 10.000000 -1.000000 -101.000000 0.000000 0.000000
17 1588918326 10.000000 -1.000000 -101.000000 0.000000 0.000000
17 1588918327 10.000000 -1.000000 -101.000000 0.000000 0.000000
17 1588918328 4.400000 -1.000000 -101.000000 0.000000 0.000000
17 1588918329 4.400000 -1.000000 -101.000000 0.000000 0.000000
17 1588918330 4.400000 -1.000000 -101.000000 0.000000 0.000000
34 1588918318 5.600000 -1.000000 -101.000000 0.000000 0.000000
34 1588918319 5.600000 -1.000000 -101.000000 0.000000 0.000000
34 1588918320 5.600000 -1.000000 -101.000000 0.000000 0.000000
34 1588918321 5.600000 -1.000000 -101.000000 0.000000 0.000000
34 1588918322 5.600000 -1.000000 -101.000000 0.000000 0.000000
34 1588918323 10.000000 -1.000000 -101.000000 0.000000 0.000000
34 1588918324 10.000000 -1.000000 -101.000000 0.000000 0.000000
34 1588918325 10.000000 -1.000000 -101.000000 0.000000 0.000000
34 1588918326 10.000000 -1.000000 -101.000000 0.000000 0.000000
34 1588918327 10.000000 -1.000000 -101.000000 0.000000 0.000000
34 1588918328 4.400000 -1.000000 -101.000000 0.000000 0.000000
34 1588918329 4.400000 -1.000000 -101.000000 0.000000 0.000000
34 1588918330 4.400000 -1.000000 -101.000000 0.000000 0.000000
17 1588918331 4.400000 -1.000000 -101.000000 0.000000 0.000000
17 1588918332 4.400000 -1.000000 -101.000000 0.000000 0.000000
34 1588918331 4.400000 -1.000000 -101.000000 0.000000 0.000000
34 1588918332 4.400000 -1.000000 -101.000000 0.000000 0.000000
17 1588918343 10.000000 -1.000000 -101.000000 0.000000 0.000000
17 1588918344 10.000000 -1.000000 -101.000000 0.000000 0.000000
17 1588918345 10.000000 -1.000000 -101.000000 0.000000 0.000000
17 1588918346 10.000000 -1.000000 -101.000000 0.000000 0.000000
17 1588918347 10.000000 -1.000000 -101.000000 0.000000 0.000000
17 1588918348 10.000000 -1.000000 -101.000000 0.000000 0.000000
17 1588918349 10.000000 -1.000000 -101.000000 0.000000 0.000000
17 1588918350 10.000000 -1.000000 -101.000000 0.000000 0.000000
17 1588918351 10.000000 -1.000000 -101.000000 0.000000 0.000000
17 1588918352 10.000000 -1.000000 -101.000000 0.000000 0.000000
34 1588918343 10.000000 -1.000000 -101.000000 0.000000 0.000000
34 1588918344 10.000000 -1.000000 -101.000000 0.000000 0.000000
34 1588918345 10.000000 -1.000000 -101.000000 0.000000 0.000000
34 1588918346 10.000000 -1.000000 -101.000000 0.000000 0.000000
34 1588918347 10.000000 -1.000000 -101.000000 0.000000 0.000000
34 1588918348 10.000000 -1.000000 -101.000000 0.000000 0.000000
34 1588918349 10.000000 -1.000000 -101.000000 0.000000 0.000000
34 1588918350 10.000000 -1.000000 -101.000000 0.000000 0.000000
34 1588918351 10.000000 -1.000000 -101.000000 0.000000 0.000000
34 1588918352 10.000000 -1.000000 -101.000000 0.000000 0.000000
17 1588918363 0.800000 -1.000000 -101.000000 0.000000 0.000000
17 1588918364 0.800000 -1.000000 -101.000000 0.000000 0.000000
17 1588918365 0.800000 -1.000000 -101.000000 0.000000 0.000000
17 1588918366 0.800000 -1.000000 -101.000000 0.000000 0.000000
17 1588918367 0.800000 -1.000000 -101.000000 0.000000 0.000000
17 1588918368 10.000000 -1.000000 -101.000000 0.000000 0.000000
17 1588918369 10.000000 -1.000000 -101.000000 0.000000 0.000000
17 1588918370 10.000000 -1.000000 -101.000000 0.000000 0.000000
17 1588918371 10.000000 -1.000000 -101.000000 0.000000 0.000000
17 1588918372 10.000000 -1.000000 -101.000000 0.000000 0.000000
17 1588918373 9.200000 -1.000000 -101.000000 0.000000 0.000000
17 1588918374 9.200000 -1.000000 -101.000000 0.000000 0.000000
17 1588918375 9.200000 -1.000000 -101.000000 0.000000 0.000000
34 1588918363 0.800000 -1.000000 -101.000000 0.000000 0.000000
34 1588918364 0.800000 -1.000000 -101.000000 0.000000 0.000000
34 1588918365 0.800000 -1.000000 -101.000000 0.000000 0.000000
34 1588918366 0.800000 -1.000000 -101.000000 0.000000 0.000000
34 1588918367 0.800000 -1.000000 -101.000000 0.000000 0.000000
34 1588918368 10.000000 -1.000000 -101.000000 0.000000 0.000000
34 1588918369 10.000000 -1.000000 -101.000000 0.000000 0.000000
34 1588918370 10.000000 -1.000000 -101.000000 0.000000 0.000000
34 1588918371 10.000000 -1.000000 -101.000000 0.000000 0.000000
34 1588918372 10.000000 -1.000000 -101.000000 0.000000 0.000000
34 1588918373 9.200000 -1.000000 -101.000000 0.000000 0.000000
34 1588918374 9.200000 -1.000000 -101.000000 0.000000 0.000000
34 1588918375 9.200000 -1.000000 -101.000000 0.000000 0.000000
17 1588918376 9.200000 -1.000000 -101.000000 0.000000 0.000000
17 1588918377 9.200000 -1.000000 -101.000000 0.000000 0.000000
34 1588918376 9.200000 -1.000000 -101.000000 0.000000 0.000000
34 1588918377 9.200000 -1.000000 -101.000000 0.000000 0.000000
17 1588918388 7.600000 -1.000000 -101.000000 0.000000 0.000000
17 1588918389 7.600000 -1.000000 -101.000000 0.000000 0.000000
17 1588918390 7.600000 -1.000000 -101.000000 0.000000 0.000000
17 1588918391 7.600000 -1.000000 -101.000000 0.000000 0.000000
17 1588918392 7.600000 -1.000000 -101.000000 0.000000 0.000000
17 1588918393 10.000000 -1.000000 -101.000000 0.000000 0.000000
17 1588918394 10.000000 -1.000000 -101.000000 0.000000 0.000000
17 1588918395 10.000000 -1.000000 -101.000000 0.000000 0.000000
17 1588918396 10.000000 -1.000000 -101.000000 0.000000 0.000000
17 1588918397 10.000000 -1.000000 -101.000000 0.000000 0.000000
17 1588918398 2.400000 -1.000000 -101.000000 0.000000 0.000000
17 1588918399 2.400000 -1.000000 -101.000000 0.000000 0.000000
17 1588918400 2.400000 -1.000000 -101.000000 0.000000 0.000000
34 1588918388 7.600000 -1.000000 -101.000000 0.000000 0.000000
34 1588918389 7.600000 -1.000000 -101.000000 0.000000 0.000000
34 1588918390 7.600000 -1.000000 -101.000000 0.000000 0.000000
34 1588918391 7.600000 -1.000000 -101.000000 0.000000 0.000000
34 1588918392 7.600000 -1.000000 -101.000000 0.000000 0.000000
34 1588918393 10.000000 -1.000000 -101.000000 0.000000 0.000000
34 1588918394 10.000000 -1.000000 -101.000000 0.000000 0.000000
34 1588918395 10.000000 -1.000000 -101.000000 0.000000 0.000000
34 1588918396 10.000000 -1.000000 -101.000000 0.000000 0.000000
34 1588918397 10.000000 -1.000000 -101.000000 0.000000 0.000000
34 1588918398 2.400000 -1.000000 -101.000000 0.000000 0.000000
34 1588918399 2.400000 -1.000000 -101.000000 0.000000 0.000000
34 1588918400 2.400000 -1.000000 -101.000000 0.000000 0.000000
17 1588918401 2.400000 -1.000000 -101.000000 0.000000 0.000000
17 1588918402 2.400000 -1.000000 -101.000000 0.000000 0.000000
34 1588918401 2.400000 -1.000000 -101.000000 0.000000 0.000000
34 1588918402 2.400000 -1.000000 -101.000000 0.000000 0.000000
17 1588918413 10.000000 -1.000000 -101.000000 0.000000 0.000000
17 1588918414 10.000000 -1.000000 -101.000000 0.000000 0.000000
17 1588918415 10.000000 -1.000000 -101.000000 0.000000 0.000000
17 1588918416 10.000000 -1.000000 -101.000000 0.000000 0.000000
17 1588918417 10.000000 -1.000000 -101.000000 0.000000 0.000000
17 1588918418 10.000000 -1.000000 -101.000000 0.000000 0.000000
17 1588918419 10.000000 -1.000000 -101.000000 0.000000 0.000000
17 1588918420 10.000000 -1.000000 -101.000000 0.000000 0.000000
34 1588918413 10.000000 -1.000000 -101.000000 0.000000 0.000000
34 1588918414 10.000000 -1.000000 -101.000000 0.000000 0.000000
34 1588918415 10.000000 -1.000000 -101.000000 0.000000 0.000000
34 1588918416 10.000000 -1.000000 -101.000000 0.000000 0.000000
34 1588918417 10.000000 -1.000000 -101.000000 0.000000 0.000000
34 1588918418 10.000000 -1.000000 -101.000000 0.000000 0.000000
34 1588918419 10.000000 -1.000000 -101.000000 0.000000 0.000000
34 1588918420 10.000000 -1.000000 -101.000000 0.000000 0.000000
17 1588918421 10.000000 -1.000000 -101.000000 0.000000 0.000000
17 1588918422 10.000000 -1.000000 -101.000000 0.000000 0.000000
34 1588918421 10.000000 -1.000000 -101.000000 0.000000 0.000000
34 1588918422 10.000000 -1.000000 -101.000000 0.000000 0.000000
17 1588918433 3.200000 -1.000000 -101.000000 0.000000 0.000000
17 1588918434 3.200000 -1.000000 -101.000000 0.000000 0.000000
17 1588918435 3.200000 -1.000000 -101.000000 0.000000 0.000000
17 1588918436 3.200000 -1.000000 -101.000000 0.000000 0.000000
17 1588918437 3.200000 -1.000000 -101.000000 0.000000 0.000000
17 1588918438 10.000000 -1.000000 -101.000000 0.000000 0.000000
17 1588918439 10.000000 -1.000000 -101.000000 0.000000 0.000000
17 1588918440 10.000000 -1.000000 -101.000000 0.000000 0.000000
17 1588918441 10.000000 -1.000000 -101.000000 0.000000 0.000000
17 1588918442 10.000000 -1.000000 -101.000000 0.000000 0.000000
17 1588918443 6.800000 -1.000000 -101.000000 0.000000 0.000000
17 1588918444 6.800000 -1.000000 -101.000000 0.000000 0.000000
17 1588918445 6.800000 -1.000000 -101.000000 0.000000 0.000000
34 1588918433 3.200000 -1.000000 -101.000000 0.000000 0.000000
34 1588918434 3.200000 -1.000000 -101.000000 0.000000 0.000000
34 1588918435 3.200000 -1.000000 -101.000000 0.000000 0.000000
34 1588918436 3.200000 -1.000000 -101.000000 0.000000 0.000000
34 1588918437 3.200000 -1.000000 -101.000000 0.000000 0.000000
34 1588918438 10.000000 -1.000000 -101.000000 0.000000 0.000000
34 1588918439 10.000000 -1.000000 -101.000000 0.000000 0.000000
34 1588918440 10.000000 -1.000000 -101.000000 0.000000 0.000000
34 1588918441 10.000000 -1.000000 -101.000000 0.000000 0.000000
34 1588918442 10.000000 -1.000000 -101.000000 0.000000 0.000000
34 1588918443 6.800000 -1.000000 -101.000000 0.000000 0.000000
34 1588918444 6.800000 -1.000000 -101.000000 0.000000 0.000000
34 1588918445 6.800000 -1.000000 -101.000000 0.000000 0.000000
34 1588918508 32.000000 -1.000000 32.000000 32.000000 0.000000
34 1588918507 13.600000 -1.000000 13.600000 13.600000 0.000000
34 1588918506 13.600000 -1.000000 13.600000 13.600000 0.000000
34 1588918505 13.600000 -1.000000 13.600000 13.600000 0.000000
34 1588918504 13.600000 -1.000000 13.600000 13.600000 0.000000
34 1588918503 13.600000 -1.000000 13.600000 13.600000 0.000000
34 1588918492 9.600000 -1.000000 9.600000 9.600000 0.000000
34 1588918491 9.600000 -1.000000 9.600000 9.600000 0.000000
34 1588918490 9.600000 -1.000000 9.600000 9.600000 0.000000
34 1588918489 9.600000 -1.000000 9.600000 9.600000 0.000000
34 1588918488 9.600000 -1.000000 9.600000 9.600000 0.000000
34 1588918487 10.000000 -1.000000 10.000000 10.000000 0.000000
34 1588918486 10.000000 -1.000000 10.000000 10.000000 0.000000
34 1588918485 10.000000 -1.000000 10.000000 10.000000 0.000000
34 1588918484 10.000000 -1.000000 10.000000 10.000000 0.000000
34 1588918483 10.000000 -1.000000 10.000000 10.000000 0.000000
34 1588918482 0.400000 -1.000000 0.400000 0.400000 0.000000
34 1588918481 0.400000 -1.000000 0.400000 0.400000 0.000000
34 1588918480 0.400000 -1.000000 0.400000 0.400000 0.000000
34 1588918479 0.400000 -1.000000 0.400000 0.400000 0.000000
34 1588918478 0.400000 -1.000000 0.400000 0.400000 0.000000
34 1588918467 10.000000 -1.000000 10.000000 10.000000 0.000000
34 1588918466 10.000000 -1.000000 10.000000 10.000000 0.000000
34 1588918465 10.000000 -1.000000 10.000000 10.000000 0.000000
34 1588918464 10.000000 -1.000000 10.000000 10.000000 0.000000
34 1588918463 10.000000 -1.000000 10.000000 10.000000 0.000000
34 1588918462 10.000000 -1.000000 10.000000 10.000000 0.000000
34 1588918461 10.000000 -1.000000 10.000000 10.000000 0.000000
34 1588918460 10.000000 -1.000000 10.000000 10.000000 0.000000
34 1588918459 10.000000 -1.000000 10.000000 10.000000 0.000000
34 1588918458 10.000000 -1.000000 10.000000 10.000000 0.000000
34 1588918447 6.800000 -1.000000 6.800000 6.800000 0.000000
34 1588918446 6.800000 -1.000000 6.800000 6.800000 0.000000
17 1588918508 16.000000 -1.000000 16.000000 16.000000 0.000000
17 1588918507 6.800000 -1.000000 6.800000 6.800000 0.000000
17 1588918506 6.800000 -1.000000 6.800000 6.800000 0.000000
17 1588918505 6.800000 -1.000000 6.800000 6.800000 0.000000
17 1588918504 6.800000 -1.000000 6.800000 6.800000 0.000000
17 1588918503 6.800000 -1.000000 6.800000 6.800000 0.000000
17 1588918492 9.600000 -1.000000 9.600000 9.600000 0.000000
17 1588918491 9.600000 -1.000000 9.600000 9.600000 0.000000
17 1588918490 9.600000 -1.000000 9.600000 9.600000 0.000000
17 1588918489 9.600000 -1.000000 9.600000 9.600000 0.000000
17 1588918488 9.600000 -1.000000 9.600000 9.600000 0.000000
17 1588918487 10.000000 -1.000000 10.000000 10.000000 0.000000
17 1588918486 10.000000 -1.000000 10.000000 10.000000 0.000000
17 1588918485 10.000000 -1.000000 10.000000 10.000000 0.000000
17 1588918484 10.000000 -1.000000 10.000000 10.000000 0.000000
17 1588918483 10.000000 -1.000000 10.000000 10.000000 0.000000
17 1588918482 0.400000 -1.000000 0.400000 0.400000 0.000000
17 1588918481 0.400000 -1.000000 0.400000 0.400000 0.000000
17 1588918480 0.400000 -1.000000 0.400000 0.400000 0.000000
17 1588918479 0.400000 -1.000000 0.400000 0.400000 0.000000
17 1588918478 0.400000 -1.000000 0.400000 0.400000 0.000000
17 1588918467 10.000000 -1.000000 10.000000 10.000000 0.000000
17 1588918466 10.000000 -1.000000 10.000000 10.000000 0.000000
17 1588918465 10.000000 -1.000000 10.000000 10.000000 0.000000
17 1588918464 10.000000 -1.000000 10.000000 10.000000 0.000000
17 1588918463 10.000000 -1.000000 10.000000 10.000000 0.000000
17 1588918462 10.000000 -1.000000 10.000000 10.000000 0.000000
17 1588918461 10.000000 -1.000000 10.000000 10.000000 0.000000
17 1588918460 10.000000 -1.000000 10.000000 10.000000 0.000000
17 1588918459 10.000000 -1.000000 10.000000 10.000000 0.000000
17 1588918458 10.000000 -1.000000 10.000000 10.000000 0.000000
17 1588918447 6.800000 -1.000000 6.800000 6.800000 0.000000
17 1588918446 6.800000 -1.000000 6.800000 6.800000 0.000000
